+0.029876708984375
+0.0294189453125
+0.029144287109375
+0.028350830078125
+0.029571533203125
+0.02978515625
+0.029876708984375
+0.0296630859375
+0.028411865234375
+0.028900146484375
+0.029205322265625
+0.030487060546875
+0.030731201171875
+0.0306396484375
+0.031585693359375
+0.03155517578125
+0.0325927734375
+0.033172607421875
+0.0338134765625
+0.03466796875
+0.03436279296875
+0.034820556640625
+0.035308837890625
+0.037078857421875
+0.038421630859375
+0.040130615234375
+0.04248046875
+0.0440673828125
+0.0458984375
+0.04656982421875
+0.04644775390625
+0.046295166015625
+0.04498291015625
+0.044586181640625
+0.042877197265625
+0.042144775390625
+0.04132080078125
+0.0404052734375
+0.041046142578125
+0.04058837890625
+0.041168212890625
+0.041290283203125
+0.042572021484375
+0.043212890625
+0.04266357421875
+0.04296875
+0.042205810546875
+0.04351806640625
+0.045257568359375
+0.048126220703125
+0.051239013671875
+0.05169677734375
+0.052764892578125
+0.052825927734375
+0.052459716796875
+0.05218505859375
+0.0516357421875
+0.052978515625
+0.053192138671875
+0.054595947265625
+0.057281494140625
+0.059478759765625
+0.061492919921875
+0.061248779296875
+0.061920166015625
+0.061309814453125
+0.06085205078125
+0.060882568359375
+0.060394287109375
+0.062347412109375
+0.0643310546875
+0.06689453125
+0.068939208984375
+0.070098876953125
+0.0721435546875
+0.07379150390625
+0.07684326171875
+0.079681396484375
+0.08160400390625
+0.082489013671875
+0.082244873046875
+0.08306884765625
+0.082763671875
+0.0831298828125
+0.083465576171875
+0.0850830078125
+0.088104248046875
+0.088134765625
+0.088470458984375
+0.0877685546875
+0.087554931640625
+0.087799072265625
+0.08697509765625
+0.087615966796875
+0.08746337890625
+0.088409423828125
+0.0888671875
+0.088775634765625
+0.09063720703125
+0.09246826171875
+0.094757080078125
+0.095245361328125
+0.0968017578125
+0.099090576171875
+0.100341796875
+0.101837158203125
+0.102996826171875
+0.10723876953125
+0.11065673828125
+0.11138916015625
+0.112274169921875
+0.112152099609375
+0.1129150390625
+0.112640380859375
+0.1121826171875
+0.1124267578125
+0.111724853515625
+0.110931396484375
+0.108551025390625
+0.107635498046875
+0.10662841796875
+0.10467529296875
+0.102996826171875
+0.1002197265625
+0.098785400390625
+0.0972900390625
+0.095123291015625
+0.092132568359375
+0.087615966796875
+0.085845947265625
+0.08465576171875
+0.08343505859375
+0.08245849609375
+0.080841064453125
+0.081085205078125
+0.0833740234375
+0.106414794921875
+0.15484619140625
+0.211456298828125
+0.25732421875
+0.266510009765625
+0.22467041015625
+0.126922607421875
-0.00103759765625
-0.11041259765625
-0.16473388671875
-0.154815673828125
-0.10821533203125
-0.05902099609375
-0.0281982421875
-0.0172119140625
-0.022491455078125
-0.02349853515625
+0.01776123046875
+0.105560302734375
+0.205108642578125
+0.2679443359375
+0.27825927734375
+0.25225830078125
+0.212738037109375
+0.18792724609375
+0.192169189453125
+0.2186279296875
+0.231170654296875
+0.195343017578125
+0.11309814453125
+0.016021728515625
-0.04730224609375
-0.056732177734375
-0.029205322265625
+0.0103759765625
+0.039031982421875
+0.044677734375
+0.02447509765625
+0.0103759765625
+0.040252685546875
+0.111572265625
+0.1907958984375
+0.23602294921875
+0.2266845703125
+0.17437744140625
+0.10894775390625
+0.061798095703125
+0.04888916015625
+0.06683349609375
+0.075469970703125
+0.0421142578125
-0.030670166015625
-0.111114501953125
-0.1661376953125
-0.161956787109375
-0.065155029296875
+0.009796142578125
+0.046600341796875
+0.067291259765625
+0.031219482421875
-0.06414794921875
-0.128692626953125
-0.065155029296875
+0.054046630859375
+0.14251708984375
+0.203521728515625
+0.2249755859375
+0.20458984375
+0.15301513671875
+0.09954833984375
+0.08319091796875
+0.126678466796875
+0.172698974609375
+0.1414794921875
+0.087982177734375
+0.060272216796875
+0.04437255859375
+0.041229248046875
+0.06439208984375
+0.09649658203125
+0.094207763671875
+0.032470703125
-0.077301025390625
-0.146636962890625
-0.10833740234375
-0.02783203125
+0.03912353515625
+0.090606689453125
+0.127288818359375
+0.137542724609375
+0.12353515625
+0.113067626953125
+0.127288818359375
+0.193206787109375
+0.246673583984375
+0.205902099609375
+0.1279296875
+0.055328369140625
-0.013824462890625
-0.064971923828125
-0.0775146484375
-0.05810546875
-0.051849365234375
-0.093963623046875
-0.1676025390625
-0.181915283203125
-0.11505126953125
-0.03436279296875
+0.03668212890625
+0.1004638671875
+0.140533447265625
+0.132415771484375
+0.09039306640625
+0.0572509765625
+0.08563232421875
+0.181793212890625
+0.23980712890625
+0.213104248046875
+0.14056396484375
+0.0419921875
-0.0572509765625
-0.11663818359375
-0.103118896484375
-0.038421630859375
-0.000640869140625
-0.048309326171875
-0.1187744140625
-0.12628173828125
-0.08544921875
-0.02679443359375
+0.048858642578125
+0.122222900390625
+0.13970947265625
+0.07244873046875
-0.039154052734375
-0.099853515625
-0.0400390625
+0.064453125
+0.1094970703125
+0.100128173828125
+0.05340576171875
-0.02362060546875
-0.1029052734375
-0.122711181640625
-0.05181884765625
+0.026885986328125
+0.007476806640625
-0.08038330078125
-0.136627197265625
-0.1285400390625
-0.078582763671875
-0.00604248046875
+0.076568603515625
+0.1260986328125
+0.083953857421875
-0.029510498046875
-0.10302734375
-0.03594970703125
+0.10394287109375
+0.1800537109375
+0.17608642578125
+0.116546630859375
+0.020172119140625
-0.0780029296875
-0.10980224609375
-0.030548095703125
+0.08270263671875
+0.0859375
-0.026519775390625
-0.13482666015625
-0.171356201171875
-0.136749267578125
-0.06036376953125
+0.043182373046875
+0.116729736328125
+0.083343505859375
-0.0372314453125
-0.128631591796875
-0.07232666015625
+0.05731201171875
+0.136962890625
+0.148834228515625
+0.099517822265625
+0.015106201171875
-0.07037353515625
-0.08447265625
+0.006744384765625
+0.118316650390625
+0.1236572265625
+0.03265380859375
-0.054534912109375
-0.09808349609375
-0.079803466796875
-0.016571044921875
+0.045745849609375
+0.053863525390625
-0.013092041015625
-0.108123779296875
-0.12945556640625
-0.0223388671875
+0.102783203125
+0.172637939453125
+0.17547607421875
+0.091949462890625
-0.0203857421875
-0.0782470703125
-0.043548583984375
+0.0489501953125
+0.093719482421875
+0.038970947265625
-0.0509033203125
-0.12762451171875
-0.16339111328125
-0.122650146484375
-0.033660888671875
+0.0220947265625
-0.000579833984375
-0.0689697265625
-0.1142578125
-0.065399169921875
+0.033233642578125
+0.10186767578125
+0.147857666015625
+0.141998291015625
+0.05975341796875
-0.021942138671875
-0.0206298828125
+0.049285888671875
+0.097808837890625
+0.055023193359375
-0.018646240234375
-0.06640625
-0.104583740234375
-0.11279296875
-0.07098388671875
-0.013946533203125
-0.0113525390625
-0.06243896484375
-0.09564208984375
-0.0535888671875
+0.036224365234375
+0.081207275390625
+0.093414306640625
+0.105682373046875
+0.083770751953125
+0.0303955078125
+0.008026123046875
+0.041961669921875
+0.06024169921875
-0.0068359375
-0.094635009765625
-0.124725341796875
-0.12310791015625
-0.1129150390625
-0.096435546875
-0.07330322265625
-0.06390380859375
-0.079925537109375
-0.075927734375
-0.00775146484375
+0.096221923828125
+0.1468505859375
+0.144012451171875
+0.14190673828125
+0.1441650390625
+0.136383056640625
+0.124786376953125
+0.117584228515625
+0.067108154296875
-0.05108642578125
-0.14404296875
-0.150115966796875
-0.124481201171875
-0.1041259765625
-0.10931396484375
-0.13690185546875
-0.160400390625
-0.154571533203125
-0.07806396484375
+0.069854736328125
+0.205474853515625
+0.235870361328125
+0.189697265625
+0.138671875
+0.12799072265625
+0.161468505859375
+0.2001953125
+0.203369140625
+0.115509033203125
-0.07080078125
-0.210845947265625
-0.222015380859375
-0.17138671875
-0.123077392578125
-0.1116943359375
-0.140625
-0.181060791015625
-0.17315673828125
-0.07159423828125
+0.115020751953125
+0.27392578125
+0.29742431640625
+0.23974609375
+0.18609619140625
+0.173492431640625
+0.2125244140625
+0.269378662109375
+0.26068115234375
+0.11199951171875
-0.118682861328125
-0.259613037109375
-0.27313232421875
-0.220489501953125
-0.158050537109375
-0.132171630859375
-0.1536865234375
-0.198394775390625
-0.189453125
-0.05133056640625
+0.1756591796875
+0.324920654296875
+0.33160400390625
+0.278076171875
+0.2259521484375
+0.205596923828125
+0.228515625
+0.27471923828125
+0.246673583984375
+0.048858642578125
-0.19317626953125
-0.31219482421875
-0.314849853515625
-0.2510986328125
-0.1724853515625
-0.12017822265625
-0.123016357421875
-0.16131591796875
-0.135040283203125
+0.035858154296875
+0.25341796875
+0.367095947265625
+0.37579345703125
+0.3297119140625
+0.267578125
+0.218597412109375
+0.2164306640625
+0.244964599609375
+0.163116455078125
-0.0540771484375
-0.24871826171875
-0.350616455078125
-0.35302734375
-0.277069091796875
-0.17633056640625
-0.103240966796875
-0.098602294921875
-0.111968994140625
-0.023040771484375
+0.1624755859375
+0.31640625
+0.400604248046875
+0.41595458984375
+0.36212158203125
+0.2669677734375
+0.187652587890625
+0.166778564453125
+0.113189697265625
-0.05078125
-0.228973388671875
-0.361480712890625
-0.430206298828125
-0.3953857421875
-0.277130126953125
-0.157012939453125
-0.103912353515625
-0.093170166015625
-0.018035888671875
+0.137359619140625
+0.278411865234375
+0.38433837890625
+0.453704833984375
+0.44189453125
+0.335662841796875
+0.21636962890625
+0.15362548828125
+0.07269287109375
-0.09051513671875
-0.24188232421875
-0.3416748046875
-0.402191162109375
-0.405731201171875
-0.3289794921875
-0.2122802734375
-0.146484375
-0.1085205078125
+0.0081787109375
+0.1925048828125
+0.335845947265625
+0.417816162109375
+0.45941162109375
+0.44110107421875
+0.3458251953125
+0.244293212890625
+0.190826416015625
+0.08648681640625
-0.11883544921875
-0.29864501953125
-0.4072265625
-0.449951171875
-0.41253662109375
-0.30316162109375
-0.18511962890625
-0.13983154296875
-0.11187744140625
+0.0296630859375
+0.239776611328125
+0.391876220703125
+0.48028564453125
+0.516693115234375
+0.469146728515625
+0.344940185546875
+0.235321044921875
+0.173828125
+0.0411376953125
-0.172027587890625
-0.33221435546875
-0.414459228515625
-0.424896240234375
-0.3648681640625
-0.258941650390625
-0.16534423828125
-0.128997802734375
-0.057525634765625
+0.127105712890625
+0.32073974609375
+0.45233154296875
+0.514678955078125
+0.497772216796875
+0.412109375
+0.2901611328125
+0.20965576171875
+0.1234130859375
-0.077667236328125
-0.27691650390625
-0.384185791015625
-0.427520751953125
-0.394622802734375
-0.300689697265625
-0.193267822265625
-0.13128662109375
-0.09991455078125
+0.034881591796875
+0.252838134765625
+0.41748046875
+0.513458251953125
+0.525848388671875
+0.463348388671875
+0.35150146484375
+0.219573974609375
+0.108184814453125
-0.063201904296875
-0.26312255859375
-0.3731689453125
-0.422760009765625
-0.41375732421875
-0.343658447265625
-0.253509521484375
-0.174163818359375
-0.100616455078125
+0.050933837890625
+0.27923583984375
+0.433319091796875
+0.489410400390625
+0.497711181640625
+0.4671630859375
+0.40606689453125
+0.324462890625
+0.223907470703125
+0.014678955078125
-0.27288818359375
-0.4429931640625
-0.482635498046875
-0.4483642578125
-0.372650146484375
-0.293914794921875
-0.23028564453125
-0.182403564453125
-0.0467529296875
+0.223907470703125
+0.453216552734375
+0.5504150390625
+0.548919677734375
+0.49969482421875
+0.44940185546875
+0.383392333984375
+0.29638671875
+0.1083984375
-0.197784423828125
-0.42333984375
-0.491119384765625
-0.45098876953125
-0.3663330078125
-0.305023193359375
-0.266387939453125
-0.226776123046875
-0.111846923828125
+0.13372802734375
+0.378265380859375
+0.504180908203125
+0.507476806640625
+0.433197021484375
+0.378021240234375
+0.3436279296875
+0.281280517578125
+0.122772216796875
-0.13330078125
-0.3250732421875
-0.4095458984375
-0.40966796875
-0.34185791015625
-0.284912109375
-0.251190185546875
-0.212371826171875
-0.096221923828125
+0.123870849609375
+0.31036376953125
+0.3997802734375
+0.422576904296875
+0.39776611328125
+0.373321533203125
+0.32989501953125
+0.2305908203125
+0.038818359375
-0.2000732421875
-0.32647705078125
-0.3323974609375
-0.29693603515625
-0.259368896484375
-0.256378173828125
-0.25238037109375
-0.18035888671875
-0.00604248046875
+0.232177734375
+0.3721923828125
+0.3707275390625
+0.311004638671875
+0.2572021484375
+0.252410888671875
+0.250732421875
+0.1807861328125
-0.015777587890625
-0.255340576171875
-0.355865478515625
-0.321502685546875
-0.230743408203125
-0.159515380859375
-0.149322509765625
-0.147674560546875
-0.101409912109375
+0.054595947265625
+0.270751953125
+0.3878173828125
+0.388092041015625
+0.3065185546875
+0.2154541015625
+0.16229248046875
+0.102264404296875
+0.003387451171875
-0.158111572265625
-0.28631591796875
-0.30255126953125
-0.26605224609375
-0.20318603515625
-0.145751953125
-0.11016845703125
-0.061767578125
+0.041778564453125
+0.225860595703125
+0.36444091796875
+0.370208740234375
+0.307525634765625
+0.22625732421875
+0.1614990234375
+0.106109619140625
+0.034149169921875
-0.10552978515625
-0.2801513671875
-0.35308837890625
-0.311859130859375
-0.218475341796875
-0.116607666015625
-0.03338623046875
+0.025665283203125
+0.0711669921875
+0.18817138671875
+0.362457275390625
+0.453826904296875
+0.439849853515625
+0.350067138671875
+0.22247314453125
+0.093597412109375
-0.01458740234375
-0.108612060546875
-0.23016357421875
-0.3212890625
-0.344573974609375
-0.325225830078125
-0.25323486328125
-0.141693115234375
-0.013885498046875
+0.095001220703125
+0.2059326171875
+0.35162353515625
+0.442840576171875
+0.45843505859375
+0.4287109375
+0.345184326171875
+0.21917724609375
+0.068695068359375
-0.0743408203125
-0.2117919921875
-0.3077392578125
-0.332855224609375
-0.33392333984375
-0.29852294921875
-0.209381103515625
-0.099365234375
+0.00347900390625
+0.1246337890625
+0.295379638671875
+0.415802001953125
+0.4603271484375
+0.47314453125
+0.4229736328125
+0.31353759765625
+0.170928955078125
+0.0313720703125
-0.107940673828125
-0.22210693359375
-0.273101806640625
-0.30340576171875
-0.296539306640625
-0.22967529296875
-0.13433837890625
-0.038177490234375
+0.072967529296875
+0.22137451171875
+0.3233642578125
+0.369903564453125
+0.41278076171875
+0.4031982421875
+0.336761474609375
+0.250335693359375
+0.149078369140625
-0.00299072265625
-0.13970947265625
-0.188446044921875
-0.22198486328125
-0.234375
-0.188751220703125
-0.123504638671875
-0.068634033203125
+0.013916015625
+0.1646728515625
+0.270904541015625
+0.30206298828125
+0.318267822265625
+0.2977294921875
+0.260162353515625
+0.235076904296875
+0.20660400390625
+0.0992431640625
-0.0350341796875
-0.093536376953125
-0.12225341796875
-0.12005615234375
-0.080352783203125
-0.05548095703125
-0.05596923828125
-0.0198974609375
+0.10382080078125
+0.2137451171875
+0.2666015625
+0.2681884765625
+0.19683837890625
+0.130859375
+0.136871337890625
+0.160125732421875
+0.102020263671875
+0.017364501953125
-0.035369873046875
-0.08642578125
-0.08612060546875
-0.019927978515625
+0.01947021484375
-0.010467529296875
-0.0001220703125
+0.08135986328125
+0.126983642578125
+0.14447021484375
+0.144287109375
+0.1046142578125
+0.065704345703125
+0.080474853515625
+0.0908203125
+0.023193359375
-0.028228759765625
-0.023712158203125
+0.00201416015625
+0.04541015625
+0.08111572265625
+0.061553955078125
-0.0040283203125
+0.005889892578125
+0.080963134765625
+0.12506103515625
+0.130706787109375
+0.089202880859375
+0.0250244140625
-0.003082275390625
+0.025421142578125
+0.03515625
+0.004058837890625
-0.00982666015625
+0.0050048828125
+0.037353515625
+0.06903076171875
+0.0882568359375
+0.07696533203125
+0.072601318359375
+0.12091064453125
+0.149322509765625
+0.134033203125
+0.092498779296875
+0.04815673828125
+0.05682373046875
+0.108917236328125
+0.118011474609375
+0.0478515625
-0.00250244140625
+0.001922607421875
+0.04217529296875
+0.115203857421875
+0.15264892578125
+0.10791015625
+0.047943115234375
+0.0762939453125
+0.137603759765625
+0.145599365234375
+0.13275146484375
+0.10931396484375
+0.094940185546875
+0.12738037109375
+0.163360595703125
+0.12646484375
+0.070526123046875
+0.0736083984375
+0.097991943359375
+0.12371826171875
+0.139984130859375
+0.094146728515625
+0.0123291015625
+0.018646240234375
+0.095611572265625
+0.10260009765625
+0.055633544921875
+0.024261474609375
+0.04168701171875
+0.130340576171875
+0.24395751953125
+0.259765625
+0.18048095703125
+0.145355224609375
+0.171356201171875
+0.22296142578125
+0.265411376953125
+0.2218017578125
+0.0794677734375
-0.00714111328125
+0.046295166015625
+0.07666015625
+0.043365478515625
+0.010101318359375
-0.0050048828125
+0.037078857421875
+0.14569091796875
+0.237152099609375
+0.229766845703125
+0.212493896484375
+0.22576904296875
+0.240081787109375
+0.256072998046875
+0.232818603515625
+0.14874267578125
+0.078369140625
+0.09112548828125
+0.07354736328125
+0.002105712890625
-0.0250244140625
-0.01025390625
+0.04986572265625
+0.156890869140625
+0.224456787109375
+0.18701171875
+0.162750244140625
+0.210479736328125
+0.254364013671875
+0.26226806640625
+0.22650146484375
+0.129974365234375
+0.0340576171875
+0.034210205078125
+0.042022705078125
+0.005096435546875
-0.004669189453125
+0.02587890625
+0.092864990234375
+0.19207763671875
+0.26397705078125
+0.24896240234375
+0.23944091796875
+0.2734375
+0.289947509765625
+0.26220703125
+0.182342529296875
+0.0560302734375
-0.0489501953125
-0.058624267578125
-0.06243896484375
-0.0894775390625
-0.06915283203125
-0.0009765625
+0.10296630859375
+0.236419677734375
+0.333953857421875
+0.356964111328125
+0.379364013671875
+0.407989501953125
+0.3980712890625
+0.33203125
+0.222747802734375
+0.0762939453125
-0.058349609375
-0.118988037109375
-0.1707763671875
-0.196807861328125
-0.15478515625
-0.066741943359375
+0.048675537109375
+0.16839599609375
+0.260894775390625
+0.3394775390625
+0.448089599609375
+0.511199951171875
+0.481842041015625
+0.393157958984375
+0.268890380859375
+0.130706787109375
+0.03131103515625
-0.03375244140625
-0.139068603515625
-0.212738037109375
-0.177520751953125
-0.076202392578125
+0.047943115234375
+0.15911865234375
+0.222442626953125
+0.286407470703125
+0.392547607421875
+0.473052978515625
+0.474639892578125
+0.406707763671875
+0.282501220703125
+0.1351318359375
+0.060760498046875
+0.018310546875
-0.060882568359375
-0.092254638671875
-0.0550537109375
+0.01336669921875
+0.101837158203125
+0.192626953125
+0.251556396484375
+0.308990478515625
+0.363067626953125
+0.352325439453125
+0.28662109375
+0.199615478515625
+0.09149169921875
-0.013458251953125
-0.05609130859375
-0.100494384765625
-0.13983154296875
-0.0867919921875
+0.01385498046875
+0.115936279296875
+0.219085693359375
+0.29595947265625
+0.34039306640625
+0.394439697265625
+0.42303466796875
+0.3642578125
+0.242645263671875
+0.10906982421875
-0.03265380859375
-0.123565673828125
-0.149566650390625
-0.1724853515625
-0.155517578125
-0.07281494140625
+0.043548583984375
+0.17791748046875
+0.305694580078125
+0.38446044921875
+0.43865966796875
+0.478118896484375
+0.456024169921875
+0.358734130859375
+0.219390869140625
+0.048736572265625
-0.11419677734375
-0.195892333984375
-0.229827880859375
-0.225555419921875
-0.16058349609375
-0.0567626953125
+0.065582275390625
+0.21221923828125
+0.3270263671875
+0.38970947265625
+0.430938720703125
+0.41986083984375
+0.358062744140625
+0.255889892578125
+0.110382080078125
-0.072906494140625
-0.203369140625
-0.2501220703125
-0.24249267578125
-0.1707763671875
-0.06976318359375
+0.031646728515625
+0.153472900390625
+0.282958984375
+0.389251708984375
+0.472625732421875
+0.479522705078125
+0.397705078125
+0.276611328125
+0.133270263671875
-0.045318603515625
-0.1878662109375
-0.257049560546875
-0.283294677734375
-0.237091064453125
-0.12481689453125
+0.006591796875
+0.14410400390625
+0.2806396484375
+0.3841552734375
+0.45947265625
+0.487152099609375
+0.437835693359375
+0.327484130859375
+0.169677734375
-0.030303955078125
-0.202178955078125
-0.2879638671875
-0.3193359375
-0.295654296875
-0.20721435546875
-0.084228515625
+0.0574951171875
+0.21746826171875
+0.35394287109375
+0.465087890625
+0.52215576171875
+0.4923095703125
+0.390899658203125
+0.239227294921875
+0.05517578125
-0.117523193359375
-0.230010986328125
-0.2991943359375
-0.313690185546875
-0.265899658203125
-0.16656494140625
-0.02874755859375
+0.115936279296875
+0.23138427734375
+0.338043212890625
+0.42291259765625
+0.4378662109375
+0.384490966796875
+0.2647705078125
+0.091339111328125
-0.071563720703125
-0.166839599609375
-0.222747802734375
-0.244049072265625
-0.22784423828125
-0.17828369140625
-0.0791015625
+0.04052734375
+0.138153076171875
+0.2353515625
+0.31048583984375
+0.311798095703125
+0.253265380859375
+0.16534423828125
+0.054962158203125
-0.04473876953125
-0.10821533203125
-0.167633056640625
-0.199371337890625
-0.17718505859375
-0.10931396484375
-0.016937255859375
+0.05975341796875
+0.100433349609375
+0.157867431640625
+0.2125244140625
+0.209228515625
+0.153594970703125
+0.060882568359375
-0.04443359375
-0.108917236328125
-0.131195068359375
-0.158721923828125
-0.166412353515625
-0.12811279296875
-0.05780029296875
+0.01922607421875
+0.068359375
+0.082550048828125
+0.130767822265625
+0.16778564453125
+0.140289306640625
+0.0682373046875
-0.0205078125
-0.092376708984375
-0.10821533203125
-0.116119384765625
-0.159820556640625
-0.16583251953125
-0.100830078125
-0.007537841796875
+0.0697021484375
+0.077362060546875
+0.03985595703125
+0.0633544921875
+0.103729248046875
+0.09326171875
+0.027862548828125
-0.06451416015625
-0.135772705078125
-0.12213134765625
-0.095611572265625
-0.1044921875
-0.085784912109375
-0.029632568359375
+0.02947998046875
+0.07220458984375
+0.0545654296875
+0.01971435546875
+0.036529541015625
+0.03546142578125
-0.017669677734375
-0.083099365234375
-0.136474609375
-0.155517578125
-0.110687255859375
-0.07806396484375
-0.06756591796875
-0.0223388671875
+0.040740966796875
+0.082244873046875
+0.08123779296875
+0.0394287109375
+0.031402587890625
+0.039520263671875
-0.0001220703125
-0.076995849609375
-0.134307861328125
-0.157135009765625
-0.123870849609375
-0.074493408203125
-0.070098876953125
-0.04541015625
+0.0147705078125
+0.05902099609375
+0.065826416015625
+0.020660400390625
-0.028594970703125
-0.025390625
-0.036407470703125
-0.100860595703125
-0.156890869140625
-0.158172607421875
-0.124176025390625
-0.062164306640625
-0.0343017578125
-0.023529052734375
+0.0313720703125
+0.095062255859375
+0.09881591796875
+0.03204345703125
-0.0643310546875
-0.10968017578125
-0.120697021484375
-0.164276123046875
-0.225311279296875
-0.2373046875
-0.183319091796875
-0.084197998046875
-0.001220703125
+0.035125732421875
+0.08721923828125
+0.164093017578125
+0.1981201171875
+0.1446533203125
+0.032135009765625
-0.056640625
-0.11224365234375
-0.184661865234375
-0.266754150390625
-0.3128662109375
-0.2757568359375
-0.17236328125
-0.073211669921875
-0.01971435546875
+0.060150146484375
+0.171295166015625
+0.2489013671875
+0.236968994140625
+0.12261962890625
+0.003448486328125
-0.0517578125
-0.122894287109375
-0.221160888671875
-0.28631591796875
-0.2777099609375
-0.1881103515625
-0.073974609375
-0.0147705078125
+0.050811767578125
+0.170501708984375
+0.26861572265625
+0.2725830078125
+0.158111572265625
-0.00860595703125
-0.100311279296875
-0.14971923828125
-0.226806640625
-0.297119140625
-0.309722900390625
-0.23858642578125
-0.107025146484375
-0.00048828125
+0.081695556640625
+0.20037841796875
+0.30889892578125
+0.3345947265625
+0.2493896484375
+0.09259033203125
-0.0322265625
-0.128448486328125
-0.25030517578125
-0.351287841796875
-0.373260498046875
-0.29876708984375
-0.163970947265625
-0.05035400390625
+0.032379150390625
+0.165679931640625
+0.308746337890625
+0.367919921875
+0.310455322265625
+0.161773681640625
+0.023101806640625
-0.0673828125
-0.17828369140625
-0.298828125
-0.35894775390625
-0.313873291015625
-0.19451904296875
-0.082855224609375
-0.0076904296875
+0.093109130859375
+0.2080078125
+0.270660400390625
+0.235687255859375
+0.1109619140625
-0.01458740234375
-0.09796142578125
-0.202362060546875
-0.3031005859375
-0.3408203125
-0.29095458984375
-0.1678466796875
-0.04315185546875
+0.03448486328125
+0.124847412109375
+0.2415771484375
+0.312042236328125
+0.268646240234375
+0.116790771484375
-0.043731689453125
-0.15167236328125
-0.253387451171875
-0.341461181640625
-0.369842529296875
-0.321075439453125
-0.2049560546875
-0.0802001953125
+0.022216796875
+0.148529052734375
+0.279296875
+0.3482666015625
+0.320648193359375
+0.190704345703125
+0.039154052734375
-0.081390380859375
-0.206451416015625
-0.31683349609375
-0.368011474609375
-0.3377685546875
-0.236846923828125
-0.13824462890625
-0.064361572265625
+0.053466796875
+0.186309814453125
+0.267242431640625
+0.255401611328125
+0.143280029296875
+0.039154052734375
-0.02056884765625
-0.104522705078125
-0.1990966796875
-0.2572021484375
-0.24383544921875
-0.155487060546875
-0.0845947265625
-0.050872802734375
+0.0162353515625
+0.093963623046875
+0.1456298828125
+0.1236572265625
+0.00579833984375
-0.072906494140625
-0.089141845703125
-0.13409423828125
-0.184722900390625
-0.20184326171875
-0.1575927734375
-0.050323486328125
+0.01318359375
+0.02081298828125
+0.061431884765625
+0.11370849609375
+0.13818359375
+0.0858154296875
-0.043487548828125
-0.11151123046875
-0.12152099609375
-0.148681640625
-0.167999267578125
-0.170166015625
-0.109405517578125
+0.0029296875
+0.037353515625
+0.02362060546875
+0.05596923828125
+0.097198486328125
+0.099517822265625
+0.01531982421875
-0.103363037109375
-0.125030517578125
-0.0931396484375
-0.092681884765625
-0.106475830078125
-0.095977783203125
-0.01983642578125
+0.06854248046875
+0.067718505859375
+0.030487060546875
+0.027252197265625
+0.041534423828125
+0.004241943359375
-0.118988037109375
-0.196929931640625
-0.159271240234375
-0.09136962890625
-0.063262939453125
-0.079559326171875
-0.04052734375
+0.091400146484375
+0.17315673828125
+0.13165283203125
+0.0576171875
+0.0133056640625
+0.0013427734375
-0.0694580078125
-0.204315185546875
-0.24151611328125
-0.172454833984375
-0.0950927734375
-0.059478759765625
-0.049530029296875
+0.02587890625
+0.151336669921875
+0.186279296875
+0.116912841796875
+0.030426025390625
-0.008331298828125
-0.03558349609375
-0.14239501953125
-0.23876953125
-0.212188720703125
-0.124176025390625
-0.05224609375
-0.018157958984375
+0.026519775390625
+0.140350341796875
+0.21514892578125
+0.16058349609375
+0.054107666015625
-0.024261474609375
-0.05438232421875
-0.12579345703125
-0.24639892578125
-0.26397705078125
-0.16973876953125
-0.0628662109375
-0.00128173828125
+0.026336669921875
+0.103424072265625
+0.209075927734375
+0.21014404296875
+0.10223388671875
-0.024169921875
-0.1015625
-0.156219482421875
-0.24822998046875
-0.29034423828125
-0.20855712890625
-0.08056640625
+0.03106689453125
+0.096588134765625
+0.1661376953125
+0.2755126953125
+0.298553466796875
+0.187835693359375
+0.02825927734375
-0.1058349609375
-0.188018798828125
-0.290740966796875
-0.3707275390625
-0.3048095703125
-0.153961181640625
-0.011077880859375
+0.10107421875
+0.201934814453125
+0.342193603515625
+0.418243408203125
+0.329498291015625
+0.16363525390625
+0.00091552734375
-0.124420166015625
-0.24993896484375
-0.3924560546875
-0.390838623046875
-0.248779296875
-0.10546875
+0.02789306640625
+0.130645751953125
+0.255859375
+0.390228271484375
+0.354644775390625
+0.201324462890625
+0.052734375
-0.08978271484375
-0.21826171875
-0.357879638671875
-0.3997802734375
-0.266571044921875
-0.108123779296875
+0.01043701171875
+0.1148681640625
+0.23736572265625
+0.383758544921875
+0.38360595703125
+0.2115478515625
+0.034210205078125
-0.1103515625
-0.22259521484375
-0.351165771484375
-0.432861328125
-0.31658935546875
-0.119110107421875
+0.03387451171875
+0.15411376953125
+0.250579833984375
+0.369842529296875
+0.40655517578125
+0.262786865234375
+0.06280517578125
-0.116973876953125
-0.25787353515625
-0.382568359375
-0.456878662109375
-0.35980224609375
-0.1669921875
+0.010101318359375
+0.162322998046875
+0.2789306640625
+0.402191162109375
+0.43701171875
+0.29010009765625
+0.101654052734375
-0.081787109375
-0.24658203125
-0.38067626953125
-0.473907470703125
-0.387542724609375
-0.1871337890625
-0.011138916015625
+0.150115966796875
+0.277740478515625
+0.4029541015625
+0.4476318359375
+0.30767822265625
+0.109710693359375
-0.08453369140625
-0.24298095703125
-0.361236572265625
-0.447265625
-0.367431640625
-0.176544189453125
+0.000030517578125
+0.1728515625
+0.29998779296875
+0.405731201171875
+0.434722900390625
+0.27764892578125
+0.067657470703125
-0.121826171875
-0.278656005859375
-0.38848876953125
-0.450897216796875
-0.3475341796875
-0.1409912109375
+0.048004150390625
+0.238739013671875
+0.376953125
+0.47650146484375
+0.474273681640625
+0.291412353515625
+0.07342529296875
-0.13916015625
-0.319427490234375
-0.4473876953125
-0.508453369140625
-0.3695068359375
-0.1380615234375
+0.055450439453125
+0.244110107421875
+0.3880615234375
+0.5037841796875
+0.493072509765625
+0.28375244140625
+0.050018310546875
-0.157989501953125
-0.319488525390625
-0.445404052734375
-0.51416015625
-0.3642578125
-0.110321044921875
+0.0927734375
+0.264678955078125
+0.382080078125
+0.48748779296875
+0.4716796875
+0.242828369140625
-0.01495361328125
-0.225738525390625
-0.365386962890625
-0.45196533203125
-0.485626220703125
-0.3243408203125
-0.06842041015625
+0.14569091796875
+0.321502685546875
+0.4310302734375
+0.5062255859375
+0.441009521484375
+0.19464111328125
-0.062652587890625
-0.2655029296875
-0.39544677734375
-0.482391357421875
-0.472747802734375
-0.27587890625
-0.06005859375
+0.06103515625
+0.105712890625
+0.119781494140625
+0.15277099609375
+0.064544677734375
-0.128448486328125
-0.236968994140625
-0.248870849609375
-0.231231689453125
-0.273406982421875
-0.267303466796875
-0.091217041015625
+0.100128173828125
+0.205841064453125
+0.228668212890625
+0.256561279296875
+0.3291015625
+0.259735107421875
+0.0853271484375
-0.018951416015625
-0.021697998046875
+0.01849365234375
-0.009429931640625
+0.0208740234375
+0.175689697265625
+0.302093505859375
+0.37078857421875
+0.378936767578125
+0.398040771484375
+0.413665771484375
+0.280792236328125
+0.119415283203125
+0.028778076171875
-0.014068603515625
-0.07568359375
-0.17724609375
-0.15032958984375
-0.041229248046875
-0.004608154296875
-0.041168212890625
-0.088897705078125
-0.042572021484375
-0.0284423828125
-0.15533447265625
-0.251800537109375
-0.254058837890625
-0.220947265625
-0.268524169921875
-0.358367919921875
-0.313385009765625
-0.202301025390625
-0.14862060546875
-0.167755126953125
-0.21759033203125
-0.235504150390625
-0.252166748046875
-0.297454833984375
-0.306549072265625
-0.2244873046875
-0.0743408203125
