-0.063873291015625
-0.063385009765625
-0.062957763671875
-0.06103515625
-0.061981201171875
-0.060211181640625
-0.06060791015625
-0.059478759765625
-0.058135986328125
-0.058380126953125
-0.056915283203125
-0.05841064453125
-0.05718994140625
-0.05731201171875
-0.0567626953125
-0.05511474609375
-0.05609130859375
-0.055206298828125
-0.05694580078125
-0.05670166015625
-0.05584716796875
-0.055633544921875
-0.052825927734375
-0.05303955078125
-0.051300048828125
-0.051025390625
-0.0511474609375
-0.05023193359375
-0.05096435546875
-0.049285888671875
-0.050384521484375
-0.050506591796875
-0.050445556640625
-0.051727294921875
-0.050262451171875
-0.051025390625
-0.04925537109375
-0.048614501953125
-0.048126220703125
-0.0465087890625
-0.04742431640625
-0.045806884765625
-0.046905517578125
-0.04669189453125
-0.045806884765625
-0.046142578125
-0.044189453125
-0.045501708984375
-0.044769287109375
-0.044403076171875
-0.04443359375
-0.04266357421875
-0.04302978515625
-0.04132080078125
-0.0418701171875
-0.042236328125
-0.0421142578125
-0.043060302734375
-0.041046142578125
-0.04156494140625
-0.039581298828125
-0.038909912109375
-0.03912353515625
-0.038177490234375
-0.039825439453125
-0.038543701171875
-0.03900146484375
-0.038055419921875
-0.037078857421875
-0.038238525390625
-0.037200927734375
-0.038848876953125
-0.03857421875
-0.038970947265625
-0.038970947265625
-0.037139892578125
-0.038177490234375
-0.036224365234375
-0.0361328125
-0.03533935546875
-0.03448486328125
-0.0352783203125
-0.034027099609375
-0.035003662109375
-0.033905029296875
-0.03363037109375
-0.0345458984375
-0.0338134765625
-0.034942626953125
-0.032501220703125
-0.031951904296875
-0.032135009765625
-0.032440185546875
-0.034423828125
-0.03253173828125
-0.03253173828125
-0.03057861328125
-0.029998779296875
-0.02972412109375
-0.02703857421875
-0.027862548828125
-0.026458740234375
-0.02813720703125
-0.029022216796875
-0.02880859375
-0.029937744140625
-0.02728271484375
-0.027191162109375
-0.026275634765625
-0.027130126953125
-0.0281982421875
-0.0263671875
-0.02655029296875
-0.023956298828125
-0.024566650390625
-0.024932861328125
-0.024261474609375
-0.02532958984375
-0.024017333984375
-0.0257568359375
-0.0245361328125
-0.0230712890625
-0.021881103515625
-0.02008056640625
-0.021575927734375
-0.020599365234375
-0.02178955078125
-0.02294921875
-0.022796630859375
-0.023529052734375
-0.022064208984375
-0.0234375
-0.023223876953125
-0.0228271484375
-0.019317626953125
+0.008056640625
+0.0592041015625
+0.118133544921875
+0.151580810546875
+0.145660400390625
+0.092132568359375
-0.016510009765625
-0.144561767578125
-0.2418212890625
-0.271392822265625
-0.24249267578125
-0.190155029296875
-0.141448974609375
-0.113433837890625
-0.10443115234375
-0.110565185546875
-0.09808349609375
-0.026947021484375
+0.090789794921875
+0.20184326171875
+0.25439453125
+0.252044677734375
+0.20928955078125
+0.146636962890625
+0.0987548828125
+0.081207275390625
+0.086700439453125
+0.071136474609375
+0.0091552734375
-0.081329345703125
-0.154571533203125
-0.16815185546875
-0.13079833984375
-0.065704345703125
-0.0020751953125
+0.035003662109375
+0.032318115234375
-0.00213623046875
-0.0140380859375
+0.033203125
+0.125091552734375
+0.20361328125
+0.2177734375
+0.1651611328125
+0.06427001953125
-0.04339599609375
-0.116455078125
-0.136016845703125
-0.120330810546875
-0.12347412109375
-0.170562744140625
-0.24365234375
-0.28912353515625
-0.272918701171875
-0.20135498046875
-0.09320068359375
+0.017120361328125
+0.099334716796875
+0.12774658203125
+0.119232177734375
+0.134613037109375
+0.20086669921875
+0.2972412109375
+0.364532470703125
+0.3681640625
+0.309417724609375
+0.20526123046875
+0.095245361328125
+0.01397705078125
-0.02093505859375
-0.04083251953125
-0.090728759765625
-0.17340087890625
-0.258087158203125
-0.299346923828125
-0.287353515625
-0.230010986328125
-0.14300537109375
-0.05938720703125
-0.007568359375
+0.00140380859375
+0.014892578125
+0.076019287109375
+0.1776123046875
+0.279510498046875
+0.33447265625
+0.33331298828125
+0.2784423828125
+0.19171142578125
+0.11138916015625
+0.0621337890625
+0.0380859375
-0.00341796875
-0.07489013671875
-0.1556396484375
-0.211669921875
-0.2205810546875
-0.18841552734375
-0.119720458984375
-0.039306640625
+0.0208740234375
+0.041229248046875
+0.043487548828125
+0.078887939453125
+0.14715576171875
+0.219818115234375
+0.262298583984375
+0.258575439453125
+0.212860107421875
+0.13067626953125
+0.045501708984375
-0.016387939453125
-0.054840087890625
-0.093780517578125
-0.1461181640625
-0.19012451171875
-0.210174560546875
-0.196929931640625
-0.155609130859375
-0.093292236328125
-0.017913818359375
+0.044647216796875
+0.0843505859375
+0.1197509765625
+0.18206787109375
+0.26336669921875
+0.3245849609375
+0.347503662109375
+0.327301025390625
+0.273956298828125
+0.197265625
+0.11932373046875
+0.05963134765625
+0.001708984375
-0.068023681640625
-0.1444091796875
-0.197662353515625
-0.21075439453125
-0.1917724609375
-0.145050048828125
-0.08465576171875
-0.022125244140625
+0.025726318359375
+0.057342529296875
+0.107086181640625
+0.187652587890625
+0.2745361328125
+0.326263427734375
+0.330535888671875
+0.29705810546875
+0.23236083984375
+0.157989501953125
+0.090972900390625
+0.0389404296875
-0.0216064453125
-0.103424072265625
-0.176971435546875
-0.21533203125
-0.20709228515625
-0.167633056640625
-0.10931396484375
-0.042755126953125
+0.010772705078125
+0.0469970703125
+0.079376220703125
+0.1461181640625
+0.23931884765625
+0.313018798828125
+0.340484619140625
+0.3193359375
+0.2669677734375
+0.19549560546875
+0.125274658203125
+0.0765380859375
+0.02569580078125
-0.04278564453125
-0.128143310546875
-0.147491455078125
-0.1263427734375
-0.108978271484375
-0.0615234375
-0.014617919921875
-0.009490966796875
-0.05072021484375
-0.052398681640625
+0.02862548828125
+0.13763427734375
+0.253387451171875
+0.33050537109375
+0.339447021484375
+0.2874755859375
+0.194915771484375
+0.116668701171875
+0.098236083984375
+0.121551513671875
+0.08782958984375
-0.00390625
-0.087982177734375
-0.14422607421875
-0.1605224609375
-0.13494873046875
-0.063751220703125
+0.016510009765625
+0.0531005859375
+0.030792236328125
+0.008758544921875
+0.072265625
+0.1749267578125
+0.24639892578125
+0.2852783203125
+0.28875732421875
+0.24798583984375
+0.169952392578125
+0.1029052734375
+0.063232421875
+0.044647216796875
+0.022125244140625
-0.0457763671875
-0.09906005859375
-0.110076904296875
-0.10430908203125
-0.07598876953125
-0.024993896484375
+0.037109375
+0.079833984375
+0.1011962890625
+0.11529541015625
+0.15289306640625
+0.214141845703125
+0.243194580078125
+0.238983154296875
+0.21942138671875
+0.1788330078125
+0.112335205078125
+0.0301513671875
-0.049224853515625
-0.111419677734375
-0.10894775390625
-0.075347900390625
-0.055755615234375
-0.019805908203125
+0.019439697265625
+0.049224853515625
+0.069976806640625
+0.106048583984375
+0.183013916015625
+0.26904296875
+0.30267333984375
+0.2718505859375
+0.237762451171875
+0.204376220703125
+0.14825439453125
+0.1015625
+0.0758056640625
+0.0341796875
-0.0570068359375
-0.15447998046875
-0.199859619140625
-0.162689208984375
-0.074462890625
-0.009368896484375
+0.051361083984375
+0.109619140625
+0.132537841796875
+0.149322509765625
+0.207916259765625
+0.31402587890625
+0.394500732421875
+0.38372802734375
+0.30499267578125
+0.223358154296875
+0.156494140625
+0.0877685546875
+0.03948974609375
+0.0042724609375
-0.051483154296875
-0.12445068359375
-0.173736572265625
-0.170562744140625
-0.10723876953125
-0.006988525390625
+0.062835693359375
+0.10687255859375
+0.150299072265625
+0.18988037109375
+0.24249267578125
+0.305206298828125
+0.36102294921875
+0.38409423828125
+0.330230712890625
+0.221099853515625
+0.12664794921875
+0.0599365234375
-0.00775146484375
-0.07470703125
-0.114837646484375
-0.129791259765625
-0.139129638671875
-0.13427734375
-0.098663330078125
-0.005828857421875
+0.10516357421875
+0.1683349609375
+0.223907470703125
+0.303619384765625
+0.361602783203125
+0.367950439453125
+0.3551025390625
+0.344024658203125
+0.30804443359375
+0.208984375
+0.07720947265625
-0.01904296875
-0.09228515625
-0.154541015625
-0.171112060546875
-0.1312255859375
-0.081268310546875
-0.061767578125
-0.04180908203125
+0.006744384765625
+0.104248046875
+0.21368408203125
+0.29901123046875
+0.3831787109375
+0.4268798828125
+0.402374267578125
+0.333709716796875
+0.261322021484375
+0.20098876953125
+0.114715576171875
-0.01202392578125
-0.1280517578125
-0.190399169921875
-0.205810546875
-0.1888427734375
-0.142333984375
-0.075897216796875
-0.013336181640625
+0.036163330078125
+0.09918212890625
+0.213134765625
+0.356109619140625
+0.441314697265625
+0.44915771484375
+0.426361083984375
+0.382476806640625
+0.310699462890625
+0.23211669921875
+0.157684326171875
+0.065185546875
-0.0775146484375
-0.21197509765625
-0.245941162109375
-0.20257568359375
-0.140411376953125
-0.087005615234375
-0.032684326171875
+0.020477294921875
+0.06689453125
+0.144195556640625
+0.273101806640625
+0.42144775390625
+0.4796142578125
+0.4287109375
+0.354949951171875
+0.279632568359375
+0.19805908203125
+0.112701416015625
+0.03875732421875
-0.035308837890625
-0.14080810546875
-0.221893310546875
-0.21685791015625
-0.153564453125
-0.078765869140625
-0.005462646484375
+0.067596435546875
+0.13092041015625
+0.18463134765625
+0.251190185546875
+0.336456298828125
+0.418853759765625
+0.444183349609375
+0.39678955078125
+0.309295654296875
+0.201171875
+0.077056884765625
-0.035888671875
-0.096343994140625
-0.11395263671875
-0.1302490234375
-0.15655517578125
-0.151519775390625
-0.1103515625
-0.04498291015625
+0.061004638671875
+0.1981201171875
+0.329803466796875
+0.39581298828125
+0.386810302734375
+0.36700439453125
+0.3741455078125
+0.368011474609375
+0.314910888671875
+0.220245361328125
+0.080780029296875
-0.081756591796875
-0.202301025390625
-0.224334716796875
-0.16668701171875
-0.1243896484375
-0.106781005859375
-0.0640869140625
-0.003570556640625
+0.084930419921875
+0.204833984375
+0.340087890625
+0.42547607421875
+0.404937744140625
+0.337890625
+0.300262451171875
+0.29083251953125
+0.2357177734375
+0.122589111328125
-0.003662109375
-0.125396728515625
-0.208343505859375
-0.208251953125
-0.12890625
-0.054046630859375
-0.04705810546875
-0.037506103515625
+0.0321044921875
+0.14306640625
+0.273101806640625
+0.38983154296875
+0.45635986328125
+0.4310302734375
+0.3355712890625
+0.256011962890625
+0.2335205078125
+0.197265625
+0.100830078125
-0.0113525390625
-0.10931396484375
-0.17022705078125
-0.185150146484375
-0.139251708984375
-0.051239013671875
-0.0059814453125
+0.012054443359375
+0.07281494140625
+0.1636962890625
+0.259552001953125
+0.332244873046875
+0.3726806640625
+0.375946044921875
+0.31787109375
+0.21221923828125
+0.119873046875
+0.05755615234375
-0.009735107421875
-0.058135986328125
-0.07305908203125
-0.073822021484375
-0.078277587890625
-0.07598876953125
-0.024139404296875
+0.05157470703125
+0.102691650390625
+0.161102294921875
+0.216583251953125
+0.22149658203125
+0.197021484375
+0.19366455078125
+0.21356201171875
+0.1949462890625
+0.108001708984375
+0.024566650390625
-0.012115478515625
-0.045379638671875
-0.047027587890625
+0.00518798828125
+0.057373046875
+0.061126708984375
+0.0352783203125
+0.067596435546875
+0.143218994140625
+0.18450927734375
+0.219879150390625
+0.24853515625
+0.221435546875
+0.146820068359375
+0.079010009765625
+0.047821044921875
+0.013580322265625
-0.036712646484375
-0.0523681640625
-0.016845703125
+0.001922607421875
+0.00433349609375
+0.033477783203125
+0.0850830078125
+0.150360107421875
+0.2158203125
+0.28509521484375
+0.32037353515625
+0.26220703125
+0.184417724609375
+0.137908935546875
+0.096038818359375
+0.04974365234375
-0.017669677734375
-0.094482421875
-0.163726806640625
-0.207305908203125
-0.162933349609375
-0.027587890625
+0.085357666015625
+0.141143798828125
+0.17462158203125
+0.218963623046875
+0.28167724609375
+0.334320068359375
+0.391082763671875
+0.405548095703125
+0.296844482421875
+0.154815673828125
+0.045562744140625
-0.0506591796875
-0.13653564453125
-0.2032470703125
-0.22235107421875
-0.2174072265625
-0.205230712890625
-0.12945556640625
+0.006744384765625
+0.121185302734375
+0.221099853515625
+0.3333740234375
+0.41546630859375
+0.434783935546875
+0.40106201171875
+0.35565185546875
+0.276702880859375
+0.146484375
+0.041046142578125
-0.06927490234375
-0.20452880859375
-0.298583984375
-0.32196044921875
-0.271636962890625
-0.192596435546875
-0.095947265625
+0.04559326171875
+0.175750732421875
+0.277099609375
+0.379180908203125
+0.466064453125
+0.50885009765625
+0.483673095703125
+0.408721923828125
+0.299468994140625
+0.125946044921875
-0.061920166015625
-0.198577880859375
-0.293914794921875
-0.33453369140625
-0.323333740234375
-0.275665283203125
-0.195587158203125
-0.118743896484375
+0.000640869140625
+0.19525146484375
+0.364654541015625
+0.470733642578125
+0.516143798828125
+0.50860595703125
+0.454132080078125
+0.35137939453125
+0.25042724609375
+0.1063232421875
-0.116943359375
-0.2958984375
-0.3809814453125
-0.387939453125
-0.33758544921875
-0.25933837890625
-0.156829833984375
-0.055908203125
+0.0662841796875
+0.263092041015625
+0.4423828125
+0.53131103515625
+0.56060791015625
+0.522186279296875
+0.434967041015625
+0.3189697265625
+0.177490234375
+0.004119873046875
-0.21258544921875
-0.354278564453125
-0.385894775390625
-0.37530517578125
-0.318206787109375
-0.229827880859375
-0.125152587890625
+0.00079345703125
+0.15838623046875
+0.367279052734375
+0.5281982421875
+0.570526123046875
+0.546661376953125
+0.480987548828125
+0.38348388671875
+0.25341796875
+0.093292236328125
-0.07421875
-0.250244140625
-0.366851806640625
-0.3802490234375
-0.33636474609375
-0.253662109375
-0.145416259765625
-0.018585205078125
+0.121063232421875
+0.244293212890625
+0.37744140625
+0.490814208984375
+0.515960693359375
+0.48736572265625
+0.414154052734375
+0.28546142578125
+0.111358642578125
-0.05633544921875
-0.162261962890625
-0.2557373046875
-0.30255126953125
-0.2669677734375
-0.212982177734375
-0.134002685546875
-0.016845703125
+0.126708984375
+0.2523193359375
+0.331024169921875
+0.42669677734375
+0.49066162109375
+0.456146240234375
+0.369140625
+0.242340087890625
+0.088531494140625
-0.05645751953125
-0.144439697265625
-0.183685302734375
-0.242279052734375
-0.2611083984375
-0.198333740234375
-0.102325439453125
+0.028656005859375
+0.17034912109375
+0.27392578125
+0.32373046875
+0.34112548828125
+0.381072998046875
+0.391204833984375
+0.306610107421875
+0.168701171875
+0.016510009765625
-0.10382080078125
-0.1712646484375
-0.198150634765625
-0.21099853515625
-0.236083984375
-0.197113037109375
-0.072723388671875
+0.079803466796875
+0.22662353515625
+0.31512451171875
+0.34490966796875
+0.33123779296875
+0.31689453125
+0.3326416015625
+0.275360107421875
+0.138671875
-0.00384521484375
-0.109649658203125
-0.165313720703125
-0.194000244140625
-0.186981201171875
-0.178558349609375
-0.153594970703125
-0.051361083984375
+0.078399658203125
+0.191253662109375
+0.2674560546875
+0.302825927734375
+0.304107666015625
+0.27294921875
+0.24884033203125
+0.186859130859375
+0.059844970703125
-0.045135498046875
-0.101104736328125
-0.123992919921875
-0.125579833984375
-0.105621337890625
-0.0814208984375
-0.068328857421875
-0.008087158203125
+0.092193603515625
+0.16888427734375
+0.2257080078125
+0.25775146484375
+0.240875244140625
+0.167572021484375
+0.073760986328125
+0.016082763671875
-0.032989501953125
-0.068084716796875
-0.075897216796875
-0.09326171875
-0.10107421875
-0.0709228515625
+0.0096435546875
+0.09808349609375
+0.160430908203125
+0.20965576171875
+0.211883544921875
+0.19415283203125
+0.191253662109375
+0.1646728515625
+0.08038330078125
-0.04254150390625
-0.10943603515625
-0.12799072265625
-0.1341552734375
-0.1033935546875
-0.0657958984375
-0.02557373046875
+0.030731201171875
+0.11798095703125
+0.201171875
+0.236663818359375
+0.268890380859375
+0.279449462890625
+0.2432861328125
+0.17474365234375
+0.0631103515625
-0.064453125
-0.1571044921875
-0.15325927734375
-0.11004638671875
-0.110687255859375
-0.112335205078125
-0.09552001953125
-0.023529052734375
+0.10137939453125
+0.22406005859375
+0.279327392578125
+0.23883056640625
+0.20086669921875
+0.184844970703125
+0.1510009765625
+0.092010498046875
-0.019012451171875
-0.14410400390625
-0.223968505859375
-0.209197998046875
-0.141357421875
-0.0947265625
-0.04547119140625
+0.011566162109375
+0.0855712890625
+0.1739501953125
+0.244659423828125
+0.25445556640625
+0.207244873046875
+0.174224853515625
+0.126220703125
+0.026336669921875
-0.078887939453125
-0.15350341796875
-0.193145751953125
-0.206207275390625
-0.15771484375
-0.08819580078125
-0.047882080078125
+0.02349853515625
+0.12567138671875
+0.21441650390625
+0.26348876953125
+0.269287109375
+0.222015380859375
+0.134674072265625
+0.062896728515625
-0.02362060546875
-0.132476806640625
-0.20159912109375
-0.2137451171875
-0.2099609375
-0.19744873046875
-0.112152099609375
-0.002288818359375
+0.08587646484375
+0.185943603515625
+0.264312744140625
+0.28656005859375
+0.265777587890625
+0.24310302734375
+0.180572509765625
+0.054534912109375
-0.0792236328125
-0.19989013671875
-0.271728515625
-0.265594482421875
-0.212310791015625
-0.17236328125
-0.132415771484375
-0.02117919921875
+0.115936279296875
+0.23724365234375
+0.3321533203125
+0.373870849609375
+0.35992431640625
+0.297088623046875
+0.2010498046875
+0.040008544921875
-0.139434814453125
-0.252838134765625
-0.296295166015625
-0.276580810546875
-0.234588623046875
-0.19464111328125
-0.14569091796875
-0.028961181640625
+0.157623291015625
+0.306884765625
+0.393096923828125
+0.41485595703125
+0.383148193359375
+0.324798583984375
+0.237518310546875
+0.091766357421875
-0.105743408203125
-0.24273681640625
-0.296539306640625
-0.307647705078125
-0.2786865234375
-0.21527099609375
-0.118927001953125
+0.005828857421875
+0.183349609375
+0.338958740234375
+0.400360107421875
+0.413177490234375
+0.4024658203125
+0.367462158203125
+0.27557373046875
+0.11920166015625
-0.07159423828125
-0.21478271484375
-0.265716552734375
-0.27618408203125
-0.251556396484375
-0.19366455078125
-0.108062744140625
-0.000457763671875
+0.12872314453125
+0.255828857421875
+0.313323974609375
+0.34454345703125
+0.361328125
+0.31134033203125
+0.20062255859375
+0.06072998046875
-0.072479248046875
-0.16326904296875
-0.177093505859375
-0.163116455078125
-0.154052734375
-0.1025390625
-0.004180908203125
+0.10430908203125
+0.201263427734375
+0.287628173828125
+0.31427001953125
+0.288604736328125
+0.246612548828125
+0.15087890625
+0.027587890625
-0.067169189453125
-0.13616943359375
-0.191162109375
-0.2012939453125
-0.161712646484375
-0.09478759765625
+0.010955810546875
+0.1439208984375
+0.2442626953125
+0.297271728515625
+0.356353759765625
+0.3897705078125
+0.3453369140625
+0.23876953125
+0.087890625
-0.06060791015625
-0.149749755859375
-0.192779541015625
-0.24346923828125
-0.27313232421875
-0.229034423828125
-0.114166259765625
+0.040863037109375
+0.181427001953125
+0.26483154296875
+0.296478271484375
+0.358428955078125
+0.423675537109375
+0.388427734375
+0.266632080078125
+0.104339599609375
-0.031463623046875
-0.100311279296875
-0.128631591796875
-0.181671142578125
-0.228424072265625
-0.19549560546875
-0.10833740234375
+0.00628662109375
+0.10870361328125
+0.16802978515625
+0.20147705078125
+0.25225830078125
+0.284332275390625
+0.229949951171875
+0.15234375
+0.091461181640625
+0.04681396484375
+0.020843505859375
-0.0211181640625
-0.08660888671875
-0.104339599609375
-0.038299560546875
+0.0416259765625
+0.0894775390625
+0.1083984375
+0.1004638671875
+0.08758544921875
+0.102569580078125
+0.101531982421875
+0.04974365234375
+0.008819580078125
-0.006011962890625
-0.017791748046875
-0.019134521484375
-0.01153564453125
+0.001007080078125
+0.051544189453125
+0.115997314453125
+0.13751220703125
+0.132720947265625
+0.132659912109375
+0.124481201171875
+0.080413818359375
+0.03961181640625
-0.00482177734375
-0.045166015625
-0.028564453125
-0.003387451171875
-0.004669189453125
-0.00201416015625
+0.0247802734375
+0.055389404296875
+0.08917236328125
+0.114227294921875
+0.10638427734375
+0.09991455078125
+0.10626220703125
+0.079071044921875
+0.01788330078125
-0.0135498046875
-0.015411376953125
+0.0015869140625
+0.0411376953125
+0.05816650390625
+0.060821533203125
+0.096527099609375
+0.12841796875
+0.127349853515625
+0.123199462890625
+0.092437744140625
+0.0390625
+0.002166748046875
-0.029296875
-0.079742431640625
-0.09344482421875
-0.031982421875
+0.02703857421875
+0.078643798828125
+0.13580322265625
+0.1826171875
+0.227020263671875
+0.25726318359375
+0.224517822265625
+0.15118408203125
+0.10186767578125
+0.05084228515625
-0.016510009765625
-0.098876953125
-0.1783447265625
-0.20062255859375
-0.128173828125
-0.01678466796875
+0.05853271484375
+0.13165283203125
+0.217559814453125
+0.294281005859375
+0.354736328125
+0.336944580078125
+0.23199462890625
+0.130615234375
+0.04949951171875
-0.049957275390625
-0.15283203125
-0.217529296875
-0.239288330078125
-0.191192626953125
-0.073760986328125
+0.02105712890625
+0.107513427734375
+0.226837158203125
+0.32574462890625
+0.359466552734375
+0.33489990234375
+0.25
+0.1395263671875
+0.05072021484375
-0.06317138671875
-0.196014404296875
-0.2689208984375
-0.256988525390625
-0.192718505859375
-0.084136962890625
+0.03253173828125
+0.1337890625
+0.2508544921875
+0.347320556640625
+0.359954833984375
+0.316375732421875
+0.234527587890625
+0.114959716796875
-0.00750732421875
-0.1468505859375
-0.27459716796875
-0.32110595703125
-0.27423095703125
-0.191131591796875
-0.082305908203125
+0.065582275390625
+0.201171875
+0.32220458984375
+0.405059814453125
+0.399993896484375
+0.3270263671875
+0.225799560546875
+0.093597412109375
-0.062744140625
-0.2158203125
-0.339080810546875
-0.376129150390625
-0.315399169921875
-0.2147216796875
-0.091217041015625
+0.072845458984375
+0.2276611328125
+0.33917236328125
+0.40008544921875
+0.3985595703125
+0.33905029296875
+0.23779296875
+0.07708740234375
-0.107635498046875
-0.2427978515625
-0.317291259765625
-0.321441650390625
-0.263519287109375
-0.173309326171875
-0.0523681640625
+0.11346435546875
+0.263214111328125
+0.34417724609375
+0.379547119140625
+0.3687744140625
+0.298309326171875
+0.171478271484375
-0.018341064453125
-0.189117431640625
-0.264801025390625
-0.279388427734375
-0.263763427734375
-0.21832275390625
-0.1307373046875
+0.001800537109375
+0.17852783203125
+0.31292724609375
+0.35736083984375
+0.362762451171875
+0.327392578125
+0.235931396484375
+0.09710693359375
-0.0770263671875
-0.214385986328125
-0.25482177734375
-0.2501220703125
-0.239593505859375
-0.186248779296875
-0.06854248046875
+0.0714111328125
+0.20513916015625
+0.26995849609375
+0.268585205078125
+0.269775390625
+0.258758544921875
+0.17938232421875
+0.03985595703125
-0.110626220703125
-0.198516845703125
-0.1783447265625
-0.124603271484375
-0.091094970703125
-0.0400390625
+0.03509521484375
+0.100860595703125
+0.158599853515625
+0.174774169921875
+0.1378173828125
+0.084686279296875
+0.016937255859375
-0.07073974609375
-0.13250732421875
-0.1590576171875
-0.143585205078125
-0.0679931640625
+0.015869140625
+0.0916748046875
+0.170562744140625
+0.226593017578125
+0.23724365234375
+0.2196044921875
+0.156463623046875
+0.037933349609375
-0.090179443359375
-0.198150634765625
-0.273406982421875
-0.28485107421875
-0.253814697265625
-0.171142578125
-0.033843994140625
+0.114044189453125
+0.241119384765625
+0.3153076171875
+0.328704833984375
+0.3092041015625
+0.275787353515625
+0.169769287109375
-0.01605224609375
-0.198822021484375
-0.3175048828125
-0.340301513671875
-0.298126220703125
-0.250518798828125
-0.15380859375
+0.0037841796875
+0.1702880859375
+0.289337158203125
+0.345672607421875
+0.3426513671875
+0.291717529296875
+0.195159912109375
+0.02191162109375
-0.164886474609375
-0.278900146484375
-0.311248779296875
-0.2901611328125
-0.250152587890625
-0.177947998046875
-0.031890869140625
+0.148651123046875
+0.28472900390625
+0.331390380859375
+0.318023681640625
+0.267578125
+0.188446044921875
+0.04364013671875
-0.146759033203125
-0.27764892578125
-0.316131591796875
-0.294281005859375
-0.2374267578125
-0.162017822265625
-0.03680419921875
+0.142059326171875
+0.29205322265625
+0.3568115234375
+0.359130859375
+0.308929443359375
+0.20233154296875
+0.061553955078125
-0.1063232421875
-0.232696533203125
-0.284454345703125
-0.2906494140625
-0.25360107421875
-0.1666259765625
-0.037139892578125
+0.120025634765625
+0.247314453125
+0.311187744140625
+0.32537841796875
+0.30084228515625
+0.214080810546875
+0.08782958984375
-0.05169677734375
-0.161865234375
-0.204620361328125
-0.202545166015625
-0.17547607421875
-0.11322021484375
-0.018524169921875
+0.0986328125
+0.205413818359375
+0.260284423828125
+0.25616455078125
+0.208404541015625
+0.12506103515625
+0.0257568359375
-0.052154541015625
-0.11798095703125
-0.15753173828125
-0.152099609375
-0.093505859375
-0.004791259765625
+0.07318115234375
+0.125732421875
+0.166015625
+0.19610595703125
+0.193511962890625
+0.13043212890625
+0.03204345703125
-0.056427001953125
-0.091644287109375
-0.11004638671875
-0.124786376953125
-0.102081298828125
-0.029632568359375
+0.07049560546875
+0.1319580078125
+0.123077392578125
+0.110198974609375
+0.123321533203125
+0.107879638671875
+0.028839111328125
-0.07696533203125
-0.1480712890625
-0.129974365234375
-0.071533203125
-0.041961669921875
-0.004119873046875
+0.0762939453125
+0.184295654296875
+0.24688720703125
+0.20556640625
+0.119384765625
+0.040618896484375
-0.0517578125
-0.168975830078125
-0.27471923828125
-0.30694580078125
-0.248687744140625
-0.154296875
-0.069976806640625
+0.047119140625
+0.199920654296875
+0.33465576171875
+0.38623046875
+0.324371337890625
+0.2230224609375
+0.11737060546875
-0.035369873046875
-0.215484619140625
-0.357940673828125
-0.4061279296875
-0.362060546875
-0.263458251953125
-0.151885986328125
-0.01123046875
+0.165252685546875
+0.31524658203125
+0.376617431640625
+0.3470458984375
+0.2657470703125
+0.151947021484375
-0.000732421875
-0.158477783203125
-0.278045654296875
-0.323486328125
-0.302337646484375
-0.23577880859375
-0.139007568359375
-0.0146484375
+0.11505126953125
+0.2061767578125
+0.2430419921875
+0.21282958984375
+0.11395263671875
+0.00360107421875
-0.110015869140625
-0.201080322265625
-0.24761962890625
-0.255828857421875
-0.198516845703125
-0.08160400390625
+0.03271484375
+0.119873046875
+0.17462158203125
+0.20062255859375
+0.2052001953125
+0.135009765625
-0.020294189453125
-0.161590576171875
-0.2530517578125
-0.278778076171875
-0.2647705078125
-0.2412109375
-0.149566650390625
+0.004150390625
+0.13690185546875
+0.21697998046875
+0.23321533203125
+0.226043701171875
+0.2039794921875
+0.0970458984375
-0.073760986328125
-0.19696044921875
-0.249420166015625
-0.24835205078125
-0.220489501953125
-0.176422119140625
-0.064300537109375
+0.089996337890625
+0.180084228515625
+0.19171142578125
+0.162139892578125
+0.126434326171875
+0.06549072265625
-0.05645751953125
-0.180633544921875
-0.227142333984375
-0.211151123046875
-0.171844482421875
-0.1124267578125
-0.018280029296875
+0.1151123046875
+0.23419189453125
+0.24725341796875
+0.187744140625
+0.103057861328125
-0.008575439453125
-0.129852294921875
-0.264556884765625
-0.33477783203125
-0.29669189453125
-0.231201171875
-0.137664794921875
-0.00140380859375
+0.151580810546875
+0.30010986328125
+0.368560791015625
+0.325469970703125
+0.23883056640625
+0.10345458984375
-0.074951171875
-0.237762451171875
-0.366485595703125
-0.393096923828125
-0.32684326171875
-0.23187255859375
-0.083343505859375
+0.084564208984375
+0.236175537109375
+0.348876953125
+0.36065673828125
+0.2933349609375
+0.167510986328125
-0.01739501953125
-0.20074462890625
-0.33868408203125
-0.4063720703125
-0.377655029296875
-0.28594970703125
-0.146453857421875
+0.027618408203125
+0.1763916015625
+0.28314208984375
+0.3492431640625
+0.327850341796875
+0.22259521484375
+0.046356201171875
-0.1597900390625
-0.308685302734375
-0.3953857421875
-0.415924072265625
-0.34722900390625
-0.21856689453125
-0.052337646484375
+0.1082763671875
+0.21624755859375
+0.29071044921875
+0.311126708984375
+0.218597412109375
+0.064910888671875
-0.104339599609375
-0.23583984375
-0.30975341796875
-0.378753662109375
-0.360443115234375
-0.2308349609375
-0.08441162109375
+0.05596923828125
+0.1402587890625
+0.191802978515625
+0.247222900390625
+0.196929931640625
+0.0458984375
-0.109100341796875
-0.22552490234375
-0.26885986328125
-0.301971435546875
-0.323516845703125
-0.222320556640625
-0.062652587890625
+0.058563232421875
+0.131134033203125
+0.15069580078125
+0.163482666015625
+0.128082275390625
-0.013214111328125
-0.149658203125
-0.231842041015625
-0.264068603515625
-0.25982666015625
-0.257293701171875
-0.180816650390625
-0.0286865234375
+0.091888427734375
+0.159027099609375
+0.18206787109375
+0.1658935546875
+0.1107177734375
-0.018768310546875
-0.16253662109375
-0.23175048828125
-0.263763427734375
-0.2734375
-0.257659912109375
-0.20166015625
-0.058990478515625
+0.0693359375
+0.130767822265625
+0.16876220703125
+0.15728759765625
+0.11199951171875
+0.020477294921875
-0.109619140625
-0.174163818359375
-0.19439697265625
-0.202392578125
-0.178924560546875
-0.1475830078125
-0.071533203125
+0.019439697265625
+0.05621337890625
+0.069671630859375
+0.03997802734375
-0.019683837890625
-0.060638427734375
-0.120758056640625
-0.160369873046875
-0.1617431640625
-0.145965576171875
-0.08380126953125
-0.041259765625
-0.002410888671875
+0.05841064453125
+0.064056396484375
+0.042938232421875
-0.014923095703125
-0.0926513671875
-0.115386962890625
-0.142791748046875
-0.1778564453125
-0.18408203125
-0.193145751953125
-0.203857421875
-0.250640869140625
-0.3060302734375
-0.28070068359375
-0.2210693359375
-0.158355712890625
-0.08221435546875
-0.016815185546875
+0.06634521484375
+0.1090087890625
+0.068023681640625
+0.037017822265625
+0.003204345703125
-0.0386962890625
-0.085662841796875
-0.160400390625
-0.16351318359375
-0.12078857421875
-0.087005615234375
-0.019866943359375
+0.045135498046875
+0.134857177734375
+0.236846923828125
+0.267364501953125
+0.287261962890625
+0.303619384765625
+0.28515625
+0.242645263671875
+0.1451416015625
+0.0731201171875
+0.04754638671875
-0.02032470703125
-0.087158203125
-0.13330078125
-0.148651123046875
-0.1290283203125
-0.163421630859375
-0.192718505859375
-0.1802978515625
-0.184661865234375
-0.198089599609375
-0.2530517578125
-0.277923583984375
-0.236724853515625
-0.229949951171875
-0.236724853515625
-0.249786376953125
-0.25091552734375
-0.220001220703125
-0.2476806640625
-0.283294677734375
-0.264404296875
-0.2369384765625
-0.207550048828125
-0.22021484375
-0.22406005859375
-0.15374755859375
-0.100341796875
-0.076507568359375
-0.060882568359375
-0.050933837890625
-0.01702880859375
-0.037139892578125
-0.092742919921875
-0.104461669921875
-0.1134033203125
-0.124542236328125
-0.1593017578125
-0.179473876953125
-0.1302490234375
-0.095855712890625
-0.0775146484375
-0.063323974609375
-0.05023193359375
-0.01885986328125
-0.051177978515625
-0.103973388671875
-0.113494873046875
-0.11468505859375
-0.115936279296875
-0.15374755859375
-0.159515380859375
-0.091796875
-0.049957275390625
-0.03448486328125
-0.029083251953125
-0.008148193359375
+0.03900146484375
+0.008209228515625
-0.064453125
-0.099334716796875
-0.11273193359375
-0.1046142578125
-0.119903564453125
-0.109527587890625
-0.040191650390625
-0.01129150390625
-0.004058837890625
-0.01043701171875
-0.02392578125
-0.018310546875
-0.0888671875
-0.182373046875
-0.235321044921875
-0.272918701171875
-0.2755126953125
-0.284271240234375
-0.2352294921875
-0.124298095703125
-0.057098388671875
-0.000518798828125
+0.03900146484375
+0.07061767578125
+0.08184814453125
-0.011444091796875
-0.1190185546875
-0.1934814453125
-0.25592041015625
-0.29498291015625
-0.31988525390625
-0.25238037109375
-0.1229248046875
-0.026519775390625
+0.068389892578125
+0.1566162109375
+0.234344482421875
+0.25640869140625
+0.166351318359375
+0.06640625
-0.0216064453125
-0.1182861328125
-0.213775634765625
-0.29156494140625
-0.252685546875
-0.159759521484375
-0.09381103515625
-0.016510009765625
+0.052398681640625
+0.129302978515625
+0.13653564453125
+0.03558349609375
-0.05010986328125
-0.133880615234375
-0.2235107421875
-0.3154296875
-0.37322998046875
-0.319915771484375
-0.24383544921875
-0.17681884765625
-0.091949462890625
+0.008148193359375
+0.10986328125
+0.100067138671875
+0.01116943359375
-0.0714111328125
-0.160919189453125
-0.2615966796875
-0.379608154296875
-0.419036865234375
-0.35760498046875
-0.291717529296875
-0.21368408203125
-0.109771728515625
+0.02801513671875
+0.1444091796875
+0.146484375
+0.10394287109375
+0.048065185546875
-0.04510498046875
-0.175537109375
-0.3153076171875
-0.34686279296875
-0.30609130859375
-0.27789306640625
-0.22607421875
-0.153167724609375
-0.079559326171875
-0.03326416015625
-0.02520751953125
-0.01226806640625
-0.009185791015625
-0.03033447265625
-0.0594482421875
-0.095458984375
-0.1243896484375
-0.14642333984375
-0.163818359375
-0.167694091796875
-0.15771484375
-0.129364013671875
-0.09625244140625
-0.0654296875
-0.047210693359375
-0.045379638671875
-0.04779052734375
-0.058990478515625
-0.068023681640625
-0.0797119140625
-0.0999755859375
-0.11572265625
-0.128204345703125
-0.126739501953125
-0.11517333984375
-0.10028076171875
-0.078338623046875
-0.054840087890625
-0.040313720703125
-0.041290283203125
-0.05169677734375
-0.073394775390625
-0.10601806640625
-0.142059326171875
-0.1666259765625
-0.17095947265625
-0.172149658203125
-0.16546630859375
-0.14447021484375
-0.107940673828125
-0.0657958984375
-0.0496826171875
-0.04302978515625
-0.040313720703125
-0.0570068359375
-0.087310791015625
-0.13018798828125
-0.16180419921875
-0.17449951171875
-0.186859130859375
-0.190704345703125
-0.17303466796875
-0.137969970703125
-0.101226806640625
-0.065521240234375
-0.02734375
+0.010223388671875
+0.030975341796875
+0.016937255859375
-0.0216064453125
-0.0657958984375
-0.0970458984375
-0.12408447265625
-0.14984130859375
-0.15582275390625
-0.141632080078125
-0.105194091796875
-0.06048583984375
-0.017578125
+0.02301025390625
+0.04290771484375
+0.032196044921875
-0.006744384765625
-0.057403564453125
-0.103240966796875
-0.1348876953125
-0.157470703125
-0.171966552734375
-0.155853271484375
-0.1124267578125
-0.056732177734375
-0.0072021484375
+0.020233154296875
+0.034820556640625
+0.026947021484375
-0.007354736328125
-0.063079833984375
-0.130218505859375
-0.17303466796875
-0.189788818359375
-0.185455322265625
-0.164306640625
-0.129180908203125
-0.07427978515625
-0.0244140625
-0.001495361328125
-0.00811767578125
-0.03411865234375
-0.073883056640625
-0.127105712890625
-0.184478759765625
-0.233642578125
-0.249114990234375
-0.23370361328125
-0.18988037109375
-0.1219482421875
-0.050689697265625
+0.010223388671875
+0.035888671875
+0.023834228515625
-0.010467529296875
-0.0634765625
-0.123443603515625
-0.18408203125
-0.227569580078125
-0.238739013671875
-0.218109130859375
-0.163787841796875
-0.09210205078125
-0.0126953125
+0.060791015625
+0.10589599609375
+0.110748291015625
+0.078826904296875
+0.023651123046875
-0.04736328125
-0.11688232421875
-0.17828369140625
-0.214630126953125
-0.211273193359375
-0.183349609375
-0.1322021484375
-0.0634765625
+0.014892578125
+0.08294677734375
+0.1031494140625
+0.07562255859375
+0.022430419921875
-0.034393310546875
-0.087005615234375
-0.140289306640625
-0.178985595703125
-0.187408447265625
-0.17034912109375
-0.142578125
-0.100677490234375
-0.05047607421875
-0.0059814453125
+0.02191162109375
+0.015625
-0.0115966796875
-0.04681396484375
-0.08343505859375
-0.112548828125
-0.1346435546875
-0.135772705078125
-0.12060546875
-0.089996337890625
-0.045166015625
-0.006011962890625
+0.0211181640625
+0.0296630859375
+0.019805908203125
-0.004241943359375
-0.03857421875
-0.073272705078125
-0.103759765625
-0.1181640625
-0.117340087890625
-0.112823486328125
-0.10498046875
-0.0849609375
-0.05572509765625
-0.0435791015625
-0.053558349609375
-0.07208251953125
-0.083160400390625
-0.09039306640625
-0.113311767578125
-0.137786865234375
-0.14788818359375
-0.137786865234375
-0.12017822265625
-0.108734130859375
-0.089111328125
-0.064666748046875
-0.04852294921875
-0.053558349609375
-0.06927490234375
-0.07281494140625
-0.081268310546875
-0.102935791015625
-0.127288818359375
-0.1407470703125
-0.135162353515625
-0.120452880859375
-0.099212646484375
-0.067657470703125
-0.030364990234375
-0.006622314453125
-0.003387451171875
-0.0093994140625
-0.02008056640625
-0.040496826171875
-0.076690673828125
-0.099365234375
-0.087921142578125
-0.05938720703125
-0.028594970703125
-0.00823974609375
+0.011810302734375
+0.03271484375
+0.037353515625
+0.0247802734375
-0.00006103515625
-0.02862548828125
-0.0699462890625
-0.116943359375
-0.146484375
-0.15118408203125
-0.129058837890625
-0.09869384765625
-0.06512451171875
-0.02777099609375
+0.00244140625
+0.015899658203125
-0.00067138671875
-0.0294189453125
-0.060882568359375
-0.104766845703125
-0.160308837890625
-0.21453857421875
-0.239288330078125
-0.234039306640625
-0.21319580078125
-0.18426513671875
-0.150177001953125
-0.112884521484375
-0.084320068359375
-0.070068359375
-0.0711669921875
-0.08404541015625
-0.110015869140625
-0.149322509765625
-0.18377685546875
-0.199554443359375
-0.187774658203125
-0.161285400390625
-0.1300048828125
-0.091705322265625
-0.061920166015625
-0.041900634765625
-0.033477783203125
-0.032623291015625
-0.037200927734375
-0.0565185546875
-0.082183837890625
-0.10797119140625
-0.119476318359375
-0.11328125
-0.100189208984375
-0.081787109375
-0.0618896484375
-0.043853759765625
-0.0416259765625
-0.04754638671875
-0.046539306640625
-0.0498046875
-0.059539794921875
-0.07568359375
-0.083892822265625
-0.07586669921875
-0.065032958984375
-0.0560302734375
-0.049896240234375
-0.044525146484375
-0.048583984375
-0.0673828125
-0.089263916015625
-0.109649658203125
-0.12408447265625
-0.129364013671875
-0.12310791015625
