+0.14105224609375
+0.139923095703125
+0.140350341796875
+0.139617919921875
+0.138336181640625
+0.13909912109375
+0.136871337890625
+0.139984130859375
+0.141387939453125
+0.14385986328125
+0.14697265625
+0.14727783203125
+0.150543212890625
+0.1497802734375
+0.1513671875
+0.15191650390625
+0.15069580078125
+0.151763916015625
+0.149627685546875
+0.15191650390625
+0.152435302734375
+0.155029296875
+0.15875244140625
+0.160186767578125
+0.163970947265625
+0.163421630859375
+0.165191650390625
+0.165740966796875
+0.164825439453125
+0.166259765625
+0.16436767578125
+0.1663818359375
+0.166473388671875
+0.1690673828125
+0.1729736328125
+0.174560546875
+0.179046630859375
+0.179046630859375
+0.1793212890625
+0.17706298828125
+0.173431396484375
+0.171905517578125
+0.167510986328125
+0.166748046875
+0.163848876953125
+0.161956787109375
+0.16259765625
+0.16156005859375
+0.165252685546875
+0.1669921875
+0.16998291015625
+0.171966552734375
+0.171875
+0.173065185546875
+0.169708251953125
+0.169830322265625
+0.16790771484375
+0.167724609375
+0.168853759765625
+0.16766357421875
+0.170440673828125
+0.1707763671875
+0.173095703125
+0.173553466796875
+0.172027587890625
+0.171905517578125
+0.167510986328125
+0.16583251953125
+0.162628173828125
+0.160247802734375
+0.1595458984375
+0.15716552734375
+0.159454345703125
+0.159881591796875
+0.16326904296875
+0.166473388671875
+0.1680908203125
+0.1715087890625
+0.169891357421875
+0.16937255859375
+0.16510009765625
+0.16070556640625
+0.15789794921875
+0.152313232421875
+0.15081787109375
+0.146453857421875
+0.144683837890625
+0.14385986328125
+0.142547607421875
+0.144805908203125
+0.144073486328125
+0.14654541015625
+0.147064208984375
+0.1475830078125
+0.14837646484375
+0.1456298828125
+0.14605712890625
+0.1429443359375
+0.141754150390625
+0.140838623046875
+0.138641357421875
+0.1395263671875
+0.136627197265625
+0.136199951171875
+0.133514404296875
+0.130950927734375
+0.129486083984375
+0.125701904296875
+0.12542724609375
+0.12213134765625
+0.12158203125
+0.1219482421875
+0.121337890625
+0.12396240234375
+0.124176025390625
+0.126953125
+0.12615966796875
+0.125152587890625
+0.125396728515625
+0.12158203125
+0.1192626953125
+0.113250732421875
+0.1102294921875
+0.10845947265625
+0.105926513671875
+0.10638427734375
+0.104156494140625
+0.10638427734375
+0.10626220703125
+0.10528564453125
+0.106842041015625
+0.124359130859375
+0.172760009765625
+0.22821044921875
+0.26824951171875
+0.273468017578125
+0.2352294921875
+0.142242431640625
+0.005279541015625
-0.10443115234375
-0.14752197265625
-0.13336181640625
-0.091949462890625
-0.0465087890625
-0.00994873046875
-0.01055908203125
-0.034637451171875
-0.03985595703125
+0.011138916015625
+0.118408203125
+0.2342529296875
+0.319976806640625
+0.35015869140625
+0.3326416015625
+0.286163330078125
+0.230224609375
+0.200714111328125
+0.199066162109375
+0.193939208984375
+0.1446533203125
+0.061767578125
-0.002410888671875
-0.028900146484375
-0.018341064453125
+0.01202392578125
+0.048309326171875
+0.065521240234375
+0.0404052734375
-0.002716064453125
-0.021087646484375
+0.024078369140625
+0.11346435546875
+0.19525146484375
+0.233917236328125
+0.213287353515625
+0.15301513671875
+0.0748291015625
+0.02001953125
+0.019805908203125
+0.049957275390625
+0.061981201171875
+0.017822265625
-0.053314208984375
-0.104095458984375
-0.111907958984375
-0.07147216796875
-0.000823974609375
+0.080047607421875
+0.129669189453125
+0.131103515625
+0.1080322265625
+0.10601806640625
+0.1575927734375
+0.23095703125
+0.285430908203125
+0.29290771484375
+0.253021240234375
+0.184051513671875
+0.10321044921875
+0.052947998046875
+0.046539306640625
+0.05316162109375
+0.028839111328125
-0.03192138671875
-0.081634521484375
-0.097259521484375
-0.076416015625
-0.029144287109375
+0.0321044921875
+0.08563232421875
+0.10137939453125
+0.09356689453125
+0.101654052734375
+0.158843994140625
+0.25
+0.322265625
+0.346221923828125
+0.314971923828125
+0.250762939453125
+0.177978515625
+0.125518798828125
+0.11993408203125
+0.1295166015625
+0.10614013671875
+0.03192138671875
-0.050811767578125
-0.09222412109375
-0.088531494140625
-0.0447998046875
+0.016845703125
+0.06939697265625
+0.081787109375
+0.05413818359375
+0.03741455078125
+0.072723388671875
+0.159393310546875
+0.24566650390625
+0.28558349609375
+0.269775390625
+0.2060546875
+0.128143310546875
+0.072021484375
+0.06866455078125
+0.096954345703125
+0.095123291015625
+0.04132080078125
-0.036529541015625
-0.085113525390625
-0.087921142578125
-0.04705810546875
+0.029815673828125
+0.10284423828125
+0.13873291015625
+0.1270751953125
+0.114501953125
+0.14794921875
+0.220794677734375
+0.2999267578125
+0.33819580078125
+0.3267822265625
+0.26898193359375
+0.18597412109375
+0.122314453125
+0.101531982421875
+0.109771728515625
+0.092071533203125
+0.03662109375
-0.025970458984375
-0.06451416015625
-0.06170654296875
-0.023681640625
+0.045196533203125
+0.106170654296875
+0.1241455078125
+0.108184814453125
+0.09832763671875
+0.133758544921875
+0.1951904296875
+0.25048828125
+0.273712158203125
+0.2530517578125
+0.195953369140625
+0.119140625
+0.071075439453125
+0.064483642578125
+0.064788818359375
+0.0394287109375
-0.011566162109375
-0.050445556640625
-0.065032958984375
-0.052825927734375
-0.01055908203125
+0.046112060546875
+0.0885009765625
+0.0897216796875
+0.080322265625
+0.102447509765625
+0.15960693359375
+0.224517822265625
+0.259552001953125
+0.2607421875
+0.22430419921875
+0.156341552734375
+0.0882568359375
+0.052825927734375
+0.04949951171875
+0.0323486328125
-0.0062255859375
-0.0419921875
-0.053619384765625
-0.04052734375
-0.011474609375
+0.04071044921875
+0.09014892578125
+0.110687255859375
+0.108123779296875
+0.11907958984375
+0.170074462890625
+0.22796630859375
+0.261688232421875
+0.258636474609375
+0.222137451171875
+0.159759521484375
+0.08148193359375
+0.026275634765625
-0.00311279296875
-0.033721923828125
-0.080596923828125
-0.12542724609375
-0.132354736328125
-0.110015869140625
-0.065948486328125
-0.00433349609375
+0.05853271484375
+0.101104736328125
+0.11456298828125
+0.139801025390625
+0.193145751953125
+0.25335693359375
+0.284027099609375
+0.2664794921875
+0.21893310546875
+0.145416259765625
+0.0662841796875
+0.00787353515625
-0.026031494140625
-0.056365966796875
-0.1068115234375
-0.149505615234375
-0.160491943359375
-0.13568115234375
-0.08831787109375
-0.03131103515625
+0.02838134765625
+0.06207275390625
+0.075164794921875
+0.099639892578125
+0.15301513671875
+0.214263916015625
+0.23968505859375
+0.22564697265625
+0.18084716796875
+0.11956787109375
+0.061004638671875
+0.02008056640625
-0.00439453125
-0.04864501953125
-0.1121826171875
-0.16558837890625
-0.176300048828125
-0.137359619140625
-0.07183837890625
+0.007171630859375
+0.067047119140625
+0.08770751953125
+0.08453369140625
+0.10040283203125
+0.161590576171875
+0.232757568359375
+0.27386474609375
+0.26171875
+0.196746826171875
+0.102630615234375
+0.010101318359375
-0.04168701171875
-0.06414794921875
-0.0870361328125
-0.12005615234375
-0.15350341796875
-0.16119384765625
-0.1409912109375
-0.08441162109375
-0.002349853515625
+0.075042724609375
+0.128021240234375
+0.15716552734375
+0.19140625
+0.2315673828125
+0.2635498046875
+0.272552490234375
+0.246612548828125
+0.189056396484375
+0.102020263671875
+0.014862060546875
-0.058135986328125
-0.121673583984375
-0.166839599609375
-0.190216064453125
-0.181427001953125
-0.15509033203125
-0.114532470703125
-0.05487060546875
+0.008758544921875
+0.065887451171875
+0.115081787109375
+0.177215576171875
+0.242401123046875
+0.2823486328125
+0.28704833984375
+0.256195068359375
+0.20361328125
+0.12969970703125
+0.050384521484375
-0.0198974609375
-0.09320068359375
-0.16375732421875
-0.215179443359375
-0.21978759765625
-0.180511474609375
-0.124237060546875
-0.058685302734375
+0.00006103515625
+0.04766845703125
+0.091278076171875
+0.1551513671875
+0.24114990234375
+0.312530517578125
+0.34326171875
+0.3192138671875
+0.25537109375
+0.168701171875
+0.082061767578125
+0.01544189453125
-0.056488037109375
-0.139617919921875
-0.213836669921875
-0.24658203125
-0.227294921875
-0.174957275390625
-0.09429931640625
-0.0098876953125
+0.05401611328125
+0.097808837890625
+0.152191162109375
+0.236785888671875
+0.320281982421875
+0.372283935546875
+0.37762451171875
+0.338470458984375
+0.260406494140625
+0.1591796875
+0.067352294921875
-0.02398681640625
-0.1192626953125
-0.20220947265625
-0.251495361328125
-0.251800537109375
-0.2183837890625
-0.15289306640625
-0.07257080078125
+0.00189208984375
+0.074737548828125
+0.1585693359375
+0.25640869140625
+0.334320068359375
+0.37591552734375
+0.3853759765625
+0.359710693359375
+0.300018310546875
+0.219818115234375
+0.13812255859375
+0.031829833984375
-0.096343994140625
-0.20001220703125
-0.24676513671875
-0.23681640625
-0.2020263671875
-0.145782470703125
-0.078704833984375
-0.024658203125
+0.035888671875
+0.1314697265625
+0.257415771484375
+0.35894775390625
+0.399017333984375
+0.391448974609375
+0.348846435546875
+0.283782958984375
+0.212005615234375
+0.1436767578125
+0.05462646484375
-0.06158447265625
-0.163848876953125
-0.219512939453125
-0.220672607421875
-0.188507080078125
-0.135162353515625
-0.080322265625
-0.045196533203125
+0.0103759765625
+0.10992431640625
+0.22930908203125
+0.3236083984375
+0.367401123046875
+0.373321533203125
+0.334259033203125
+0.266937255859375
+0.20355224609375
+0.141021728515625
+0.050445556640625
-0.0616455078125
-0.14190673828125
-0.1744384765625
-0.1719970703125
-0.144134521484375
-0.099151611328125
-0.055206298828125
-0.025665283203125
+0.029144287109375
+0.1246337890625
+0.22857666015625
+0.30218505859375
+0.3277587890625
+0.318634033203125
+0.27447509765625
+0.214508056640625
+0.15118408203125
+0.0693359375
-0.019622802734375
-0.095550537109375
-0.132904052734375
-0.141265869140625
-0.130340576171875
-0.093658447265625
-0.05657958984375
-0.02581787109375
+0.022491455078125
+0.1109619140625
+0.209716796875
+0.271209716796875
+0.29571533203125
+0.295135498046875
+0.272186279296875
+0.2271728515625
+0.176483154296875
+0.10943603515625
+0.003692626953125
-0.103515625
-0.163055419921875
-0.161834716796875
-0.1279296875
-0.084808349609375
-0.042266845703125
-0.024078369140625
-0.0023193359375
+0.058990478515625
+0.154937744140625
+0.24627685546875
+0.2911376953125
+0.295166015625
+0.25665283203125
+0.18914794921875
+0.12286376953125
+0.055267333984375
-0.023193359375
-0.106781005859375
-0.15972900390625
-0.17333984375
-0.161712646484375
-0.121917724609375
-0.067535400390625
-0.017059326171875
+0.02667236328125
+0.089935302734375
+0.171630859375
+0.233795166015625
+0.261688232421875
+0.25830078125
+0.23077392578125
+0.1751708984375
+0.1083984375
+0.038421630859375
-0.048370361328125
-0.125946044921875
-0.1666259765625
-0.163482666015625
-0.13836669921875
-0.10418701171875
-0.05377197265625
-0.010772705078125
+0.037353515625
+0.111328125
+0.19573974609375
+0.25274658203125
+0.254608154296875
+0.2313232421875
+0.1905517578125
+0.129852294921875
+0.062835693359375
-0.016510009765625
-0.102752685546875
-0.18060302734375
-0.212554931640625
-0.197113037109375
-0.1624755859375
-0.115142822265625
-0.06866455078125
-0.028228759765625
+0.0235595703125
+0.1116943359375
+0.211212158203125
+0.261627197265625
+0.256988525390625
+0.21826171875
+0.156646728515625
+0.075225830078125
-0.0059814453125
-0.078155517578125
-0.1546630859375
-0.212493896484375
-0.22198486328125
-0.182586669921875
-0.1278076171875
-0.0775146484375
-0.021087646484375
+0.035430908203125
+0.109619140625
+0.20452880859375
+0.287994384765625
+0.322723388671875
+0.298248291015625
+0.242919921875
+0.16436767578125
+0.07763671875
-0.00653076171875
-0.1077880859375
-0.21087646484375
-0.2803955078125
-0.280059814453125
-0.23187255859375
-0.165802001953125
-0.089141845703125
-0.009857177734375
+0.0740966796875
+0.154510498046875
+0.247894287109375
+0.322601318359375
+0.325531005859375
+0.2720947265625
+0.19775390625
+0.12799072265625
+0.047515869140625
-0.055084228515625
-0.15948486328125
-0.253082275390625
-0.29962158203125
-0.29443359375
-0.25604248046875
-0.19085693359375
-0.11041259765625
-0.027374267578125
+0.060302734375
+0.173431396484375
+0.28472900390625
+0.34423828125
+0.343719482421875
+0.306427001953125
+0.255828857421875
+0.18646240234375
+0.081695556640625
-0.0611572265625
-0.20306396484375
-0.292449951171875
-0.319366455078125
-0.290863037109375
-0.23162841796875
-0.1685791015625
-0.107177734375
-0.036865234375
+0.065704345703125
+0.198974609375
+0.327728271484375
+0.387939453125
+0.36712646484375
+0.312042236328125
+0.239166259765625
+0.156097412109375
+0.05816650390625
-0.051910400390625
-0.15032958984375
-0.228240966796875
-0.28143310546875
-0.30181884765625
-0.26483154296875
-0.183135986328125
-0.089569091796875
+0.017791748046875
+0.12646484375
+0.212921142578125
+0.25
+0.249298095703125
+0.250274658203125
+0.261932373046875
+0.25360107421875
+0.168182373046875
+0.02874755859375
-0.092559814453125
-0.157440185546875
-0.166748046875
-0.149566650390625
-0.115692138671875
-0.0906982421875
-0.09228515625
-0.0758056640625
-0.0006103515625
+0.116058349609375
+0.202239990234375
+0.23370361328125
+0.22491455078125
+0.178558349609375
+0.110260009765625
+0.026397705078125
-0.054840087890625
-0.10382080078125
-0.10943603515625
-0.101043701171875
-0.102294921875
-0.0885009765625
-0.0584716796875
-0.017242431640625
+0.0458984375
+0.13055419921875
+0.2127685546875
+0.231842041015625
+0.1895751953125
+0.13665771484375
+0.099853515625
+0.07525634765625
+0.02764892578125
-0.048065185546875
-0.125244140625
-0.169189453125
-0.17132568359375
-0.14208984375
-0.066925048828125
+0.0360107421875
+0.12274169921875
+0.17327880859375
+0.205291748046875
+0.231536865234375
+0.2257080078125
+0.198822021484375
+0.171234130859375
+0.133453369140625
+0.055633544921875
-0.070953369140625
-0.18994140625
-0.25445556640625
-0.241912841796875
-0.18133544921875
-0.11859130859375
-0.05804443359375
-0.00604248046875
+0.051513671875
+0.126007080078125
+0.222381591796875
+0.316009521484375
+0.337646484375
+0.286285400390625
+0.194305419921875
+0.09173583984375
-0.016845703125
-0.128936767578125
-0.212005615234375
-0.259765625
-0.274993896484375
-0.267791748046875
-0.225006103515625
-0.147918701171875
-0.0535888671875
+0.064666748046875
+0.1806640625
+0.270355224609375
+0.310638427734375
+0.296722412109375
+0.263580322265625
+0.2271728515625
+0.182342529296875
+0.087310791015625
-0.05780029296875
-0.2003173828125
-0.285919189453125
-0.292236328125
-0.25115966796875
-0.178680419921875
-0.107421875
-0.060394287109375
-0.005859375
+0.07470703125
+0.16766357421875
+0.236053466796875
+0.258026123046875
+0.225738525390625
+0.144073486328125
+0.040924072265625
-0.06695556640625
-0.14501953125
-0.17535400390625
-0.184356689453125
-0.189453125
-0.199554443359375
-0.19525146484375
-0.146453857421875
-0.043975830078125
+0.085968017578125
+0.193328857421875
+0.234832763671875
+0.20703125
+0.162750244140625
+0.12744140625
+0.080352783203125
+0.015228271484375
-0.07470703125
-0.176605224609375
-0.258697509765625
-0.284912109375
-0.247222900390625
-0.174652099609375
-0.093719482421875
-0.0142822265625
+0.069915771484375
+0.13525390625
+0.161834716796875
+0.177734375
+0.190765380859375
+0.188140869140625
+0.1453857421875
+0.050537109375
-0.07025146484375
-0.189483642578125
-0.260223388671875
-0.266326904296875
-0.225555419921875
-0.174468994140625
-0.147918701171875
-0.114288330078125
-0.04736328125
+0.055419921875
+0.16009521484375
+0.2225341796875
+0.239776611328125
+0.20501708984375
+0.13177490234375
+0.037506103515625
-0.049468994140625
-0.1090087890625
-0.155120849609375
-0.19073486328125
-0.21136474609375
-0.208160400390625
-0.188018798828125
-0.1441650390625
-0.06341552734375
+0.027679443359375
+0.093963623046875
+0.113311767578125
+0.117340087890625
+0.124420166015625
+0.103424072265625
+0.043365478515625
-0.0438232421875
-0.1275634765625
-0.189422607421875
-0.2144775390625
-0.19903564453125
-0.16766357421875
-0.144073486328125
-0.12078857421875
-0.050628662109375
+0.053436279296875
+0.137451171875
+0.17138671875
+0.15692138671875
+0.121917724609375
+0.0660400390625
-0.00048828125
-0.05340576171875
-0.10430908203125
-0.162628173828125
-0.208770751953125
-0.217926025390625
-0.19769287109375
-0.163726806640625
-0.101806640625
-0.01458740234375
+0.0711669921875
+0.114288330078125
+0.11737060546875
+0.115447998046875
+0.09765625
+0.06463623046875
+0.01251220703125
-0.058685302734375
-0.1337890625
-0.199310302734375
-0.21759033203125
-0.185638427734375
-0.134246826171875
-0.096099853515625
-0.060028076171875
-0.005706787109375
+0.043426513671875
+0.07794189453125
+0.0919189453125
+0.087310791015625
+0.054840087890625
-0.019775390625
-0.098114013671875
-0.1611328125
-0.197174072265625
-0.197998046875
-0.169921875
-0.118377685546875
-0.079254150390625
-0.056884765625
-0.0185546875
+0.048980712890625
+0.108245849609375
+0.12744140625
+0.121124267578125
+0.08251953125
+0.01123046875
-0.074432373046875
-0.143463134765625
-0.184783935546875
-0.228363037109375
-0.245513916015625
-0.220062255859375
-0.1768798828125
-0.12042236328125
-0.0489501953125
+0.050140380859375
+0.138641357421875
+0.1763916015625
+0.1671142578125
+0.147186279296875
+0.11553955078125
+0.0489501953125
-0.037353515625
-0.13671875
-0.225372314453125
-0.2860107421875
-0.2984619140625
-0.24560546875
-0.184722900390625
-0.141143798828125
-0.0889892578125
-0.017578125
+0.0653076171875
+0.12310791015625
+0.14984130859375
+0.147918701171875
+0.10394287109375
+0.02130126953125
-0.068359375
-0.141998291015625
-0.204010009765625
-0.235443115234375
-0.23272705078125
-0.204620361328125
-0.16729736328125
-0.123138427734375
-0.0474853515625
+0.021759033203125
+0.0611572265625
+0.074920654296875
+0.05218505859375
+0.01348876953125
-0.04351806640625
-0.10870361328125
-0.16937255859375
-0.23236083984375
-0.26788330078125
-0.242767333984375
-0.173553466796875
-0.09765625
-0.0269775390625
+0.039581298828125
+0.0899658203125
+0.110687255859375
+0.10931396484375
+0.10748291015625
+0.073455810546875
-0.008880615234375
-0.115692138671875
-0.24627685546875
-0.34716796875
-0.3822021484375
-0.34539794921875
-0.261749267578125
-0.187744140625
-0.11346435546875
-0.021697998046875
+0.0738525390625
+0.170745849609375
+0.25048828125
+0.27239990234375
+0.21533203125
+0.10736083984375
-0.015106201171875
-0.13720703125
-0.25750732421875
-0.34063720703125
-0.36492919921875
-0.360443115234375
-0.323760986328125
-0.248992919921875
-0.14385986328125
-0.025604248046875
+0.065185546875
+0.146484375
+0.21343994140625
+0.225067138671875
+0.182373046875
+0.0948486328125
-0.01953125
-0.154327392578125
-0.268035888671875
-0.311279296875
-0.311370849609375
-0.303375244140625
-0.270233154296875
-0.189727783203125
-0.07757568359375
+0.028411865234375
+0.10321044921875
+0.13653564453125
+0.12542724609375
+0.07513427734375
+0.023773193359375
-0.0472412109375
-0.158935546875
-0.25775146484375
-0.31036376953125
-0.300872802734375
-0.26007080078125
-0.20184326171875
-0.1177978515625
-0.036468505859375
+0.047882080078125
+0.120758056640625
+0.1558837890625
+0.147369384765625
+0.09674072265625
+0.020355224609375
-0.091888427734375
-0.228179931640625
-0.33160400390625
-0.373291015625
-0.373992919921875
-0.346649169921875
-0.2720947265625
-0.1614990234375
-0.03594970703125
+0.0902099609375
+0.199615478515625
+0.25274658203125
+0.22735595703125
+0.1728515625
+0.099365234375
-0.01629638671875
-0.1680908203125
-0.31170654296875
-0.39263916015625
-0.42559814453125
-0.4193115234375
-0.356842041015625
-0.25360107421875
-0.121429443359375
+0.009613037109375
+0.12030029296875
+0.1920166015625
+0.2127685546875
+0.20172119140625
+0.14971923828125
+0.0478515625
-0.095306396484375
-0.2393798828125
-0.333099365234375
-0.366424560546875
-0.3543701171875
-0.315185546875
-0.24688720703125
-0.13751220703125
-0.008148193359375
+0.084564208984375
+0.122955322265625
+0.136871337890625
+0.1253662109375
+0.07501220703125
-0.025360107421875
-0.153533935546875
-0.269439697265625
-0.3468017578125
-0.34869384765625
-0.303802490234375
-0.24468994140625
-0.165863037109375
-0.0667724609375
+0.043304443359375
+0.12841796875
+0.18603515625
+0.20806884765625
+0.17205810546875
+0.08709716796875
-0.051361083984375
-0.1982421875
-0.303375244140625
-0.35211181640625
-0.359619140625
-0.3673095703125
-0.3385009765625
-0.23822021484375
-0.091156005859375
+0.064971923828125
+0.18890380859375
+0.250335693359375
+0.2374267578125
+0.185791015625
+0.126312255859375
+0.026092529296875
-0.122283935546875
-0.2498779296875
-0.3135986328125
-0.341522216796875
-0.34088134765625
-0.294830322265625
-0.205078125
-0.100860595703125
-0.0068359375
+0.0745849609375
+0.1219482421875
+0.140777587890625
+0.137359619140625
+0.08013916015625
-0.034881591796875
-0.16522216796875
-0.238983154296875
-0.26409912109375
-0.26995849609375
-0.24072265625
-0.189239501953125
-0.109649658203125
-0.02020263671875
+0.053436279296875
+0.095703125
+0.094512939453125
+0.085784912109375
+0.047882080078125
-0.0426025390625
-0.15069580078125
-0.2398681640625
-0.276702880859375
-0.279510498046875
-0.25341796875
-0.2042236328125
-0.148345947265625
-0.05645751953125
+0.051605224609375
+0.128265380859375
+0.15106201171875
+0.138824462890625
+0.102996826171875
+0.01324462890625
-0.095367431640625
-0.180450439453125
-0.241607666015625
-0.264373779296875
-0.24560546875
-0.20263671875
-0.156768798828125
-0.083984375
+0.022796630859375
+0.10052490234375
+0.1129150390625
+0.09857177734375
+0.0810546875
+0.025634765625
-0.070220947265625
-0.16796875
-0.25048828125
-0.295135498046875
-0.27471923828125
-0.21051025390625
-0.145965576171875
-0.071441650390625
+0.02593994140625
+0.117034912109375
+0.165435791015625
+0.1796875
+0.1724853515625
+0.102874755859375
-0.017364501953125
-0.1357421875
-0.23114013671875
-0.28326416015625
-0.2884521484375
-0.257843017578125
-0.222198486328125
-0.16412353515625
-0.048553466796875
+0.07257080078125
+0.161102294921875
+0.202911376953125
+0.196380615234375
+0.1463623046875
+0.056671142578125
-0.03668212890625
-0.135162353515625
-0.214813232421875
-0.241546630859375
-0.232330322265625
-0.199188232421875
-0.146881103515625
-0.069488525390625
+0.007171630859375
+0.07269287109375
+0.12841796875
+0.1353759765625
+0.100250244140625
+0.035919189453125
-0.052490234375
-0.148468017578125
-0.2191162109375
-0.22637939453125
-0.21380615234375
-0.192047119140625
-0.13037109375
-0.038665771484375
+0.050323486328125
+0.106964111328125
+0.1368408203125
+0.125518798828125
+0.07220458984375
+0.00726318359375
-0.076995849609375
-0.180206298828125
-0.26690673828125
-0.290130615234375
-0.26593017578125
-0.217071533203125
-0.126007080078125
-0.021240234375
+0.064117431640625
+0.119964599609375
+0.156585693359375
+0.161956787109375
+0.109527587890625
+0.016998291015625
-0.103424072265625
-0.21673583984375
-0.28558349609375
-0.30230712890625
-0.283233642578125
-0.251708984375
-0.1728515625
-0.044708251953125
+0.085693359375
+0.176239013671875
+0.2069091796875
+0.202484130859375
+0.158203125
+0.06475830078125
-0.0693359375
-0.210357666015625
-0.31573486328125
-0.3741455078125
-0.372589111328125
-0.319610595703125
-0.216064453125
-0.06634521484375
+0.09197998046875
+0.217620849609375
+0.27081298828125
+0.282562255859375
+0.265106201171875
+0.18017578125
+0.029388427734375
-0.15179443359375
-0.2991943359375
-0.3863525390625
-0.410125732421875
-0.386474609375
-0.319549560546875
-0.1806640625
-0.008819580078125
+0.139801025390625
+0.229339599609375
+0.268646240234375
+0.277374267578125
+0.2266845703125
+0.12347412109375
-0.017730712890625
-0.163787841796875
-0.27850341796875
-0.34869384765625
-0.35198974609375
-0.30035400390625
-0.202056884765625
-0.088348388671875
+0.001373291015625
+0.066253662109375
+0.120330810546875
+0.172027587890625
+0.166900634765625
+0.084442138671875
-0.03094482421875
-0.128875732421875
-0.1766357421875
-0.198974609375
-0.199127197265625
-0.17279052734375
-0.117584228515625
-0.040130615234375
+0.01361083984375
+0.026336669921875
+0.024169921875
+0.027679443359375
+0.002716064453125
-0.06536865234375
-0.132904052734375
-0.1783447265625
-0.191802978515625
-0.17523193359375
-0.123931884765625
-0.038330078125
+0.0506591796875
+0.1134033203125
+0.12579345703125
+0.108551025390625
+0.089447021484375
+0.045440673828125
-0.047698974609375
-0.176544189453125
-0.2823486328125
-0.31890869140625
-0.2899169921875
-0.227447509765625
-0.154693603515625
-0.06011962890625
+0.051177978515625
+0.145477294921875
+0.2017822265625
+0.214141845703125
+0.1837158203125
+0.104888916015625
-0.014984130859375
-0.149078369140625
-0.259521484375
-0.301788330078125
-0.29730224609375
-0.2652587890625
-0.186431884765625
-0.070587158203125
+0.043212890625
+0.11834716796875
+0.166900634765625
+0.175994873046875
+0.12835693359375
+0.0411376953125
-0.079193115234375
-0.18865966796875
-0.247772216796875
-0.2510986328125
-0.229583740234375
-0.178863525390625
-0.07147216796875
+0.040802001953125
+0.12908935546875
+0.182647705078125
+0.19390869140625
+0.16455078125
+0.08734130859375
-0.029815673828125
-0.181854248046875
-0.296905517578125
-0.330291748046875
-0.317626953125
-0.275787353515625
-0.197479248046875
-0.07830810546875
+0.045196533203125
+0.158111572265625
+0.237091064453125
+0.261932373046875
+0.236846923828125
+0.136444091796875
-0.0201416015625
-0.164031982421875
-0.24664306640625
-0.284912109375
-0.309326171875
-0.291107177734375
-0.20843505859375
-0.081268310546875
+0.041351318359375
+0.115081787109375
+0.143280029296875
+0.148345947265625
+0.1163330078125
+0.023406982421875
-0.0936279296875
-0.18267822265625
-0.23193359375
-0.237579345703125
-0.2200927734375
-0.182464599609375
-0.0936279296875
+0.01910400390625
+0.105987548828125
+0.144500732421875
+0.1463623046875
+0.098541259765625
-0.00762939453125
-0.12200927734375
-0.210296630859375
-0.251129150390625
-0.251434326171875
-0.23736572265625
-0.20361328125
-0.114837646484375
+0.013336181640625
+0.1025390625
+0.146392822265625
+0.153472900390625
+0.11566162109375
+0.030548095703125
-0.092803955078125
-0.20306396484375
-0.26416015625
-0.270751953125
-0.2567138671875
-0.222869873046875
-0.119049072265625
+0.025054931640625
+0.13470458984375
+0.1787109375
+0.164459228515625
+0.118560791015625
+0.041839599609375
-0.080413818359375
-0.230194091796875
-0.340301513671875
-0.375396728515625
-0.355865478515625
-0.28228759765625
-0.1612548828125
-0.008148193359375
+0.137969970703125
+0.229705810546875
+0.256927490234375
+0.244384765625
+0.203643798828125
+0.07928466796875
-0.1112060546875
-0.277069091796875
-0.37518310546875
-0.39739990234375
-0.3692626953125
-0.2938232421875
-0.162811279296875
+0.0030517578125
+0.15948486328125
+0.2530517578125
+0.282379150390625
+0.251434326171875
+0.1522216796875
+0.022308349609375
-0.1005859375
-0.210968017578125
-0.302703857421875
-0.347808837890625
-0.3184814453125
-0.2099609375
-0.0731201171875
+0.018096923828125
+0.070556640625
+0.113616943359375
+0.145660400390625
+0.117523193359375
+0.007415771484375
-0.119842529296875
-0.2073974609375
-0.224578857421875
-0.2080078125
-0.186248779296875
-0.124267578125
-0.02667236328125
+0.078216552734375
+0.1431884765625
+0.143646240234375
+0.097686767578125
+0.00848388671875
-0.117462158203125
-0.2384033203125
-0.30255126953125
-0.31817626953125
-0.321136474609375
-0.274139404296875
-0.14556884765625
+0.0250244140625
+0.171875
+0.2440185546875
+0.2445068359375
+0.20880126953125
+0.13067626953125
-0.022247314453125
-0.183929443359375
-0.288238525390625
-0.346588134765625
-0.366973876953125
-0.338897705078125
-0.239349365234375
-0.090362548828125
+0.06787109375
+0.17852783203125
+0.216461181640625
+0.216522216796875
+0.147369384765625
+0.011505126953125
-0.122955322265625
-0.228302001953125
-0.29827880859375
-0.337127685546875
-0.3231201171875
-0.239501953125
-0.109344482421875
+0.0218505859375
+0.109039306640625
+0.169403076171875
+0.194000244140625
+0.14093017578125
+0.018402099609375
-0.11212158203125
-0.196044921875
-0.24737548828125
-0.290679931640625
-0.30242919921875
-0.239105224609375
-0.131622314453125
-0.03570556640625
+0.03765869140625
+0.08819580078125
+0.113037109375
+0.077484130859375
-0.027587890625
-0.1365966796875
-0.1988525390625
-0.21588134765625
-0.224090576171875
-0.2052001953125
-0.131500244140625
-0.047576904296875
+0.02044677734375
+0.0509033203125
+0.06219482421875
+0.055908203125
-0.0145263671875
-0.1302490234375
-0.225067138671875
-0.262054443359375
-0.271575927734375
-0.27142333984375
-0.2239990234375
-0.1162109375
+0.01123046875
+0.088531494140625
+0.0992431640625
+0.0987548828125
+0.092041015625
+0.032958984375
-0.084259033203125
-0.19232177734375
-0.2447509765625
-0.24822998046875
-0.229248046875
-0.186431884765625
-0.100006103515625
-0.013427734375
+0.04510498046875
+0.0682373046875
+0.05560302734375
+0.014007568359375
-0.071014404296875
-0.168914794921875
-0.23077392578125
-0.24053955078125
-0.210968017578125
-0.1646728515625
-0.075927734375
+0.033233642578125
+0.116302490234375
+0.154388427734375
+0.14202880859375
+0.101348876953125
+0.002105712890625
-0.151336669921875
-0.28399658203125
-0.33721923828125
-0.3292236328125
-0.300140380859375
-0.232269287109375
-0.10491943359375
+0.04425048828125
+0.15972900390625
+0.22344970703125
+0.25640869140625
+0.224273681640625
+0.104339599609375
-0.06182861328125
-0.2060546875
-0.2799072265625
-0.302978515625
-0.299957275390625
-0.2841796875
-0.248046875
-0.206146240234375
-0.174102783203125
-0.133819580078125
-0.08343505859375
-0.03192138671875
+0.007232666015625
+0.013336181640625
-0.01416015625
-0.054595947265625
-0.085418701171875
-0.11590576171875
-0.125762939453125
-0.1080322265625
-0.077484130859375
-0.01214599609375
+0.065643310546875
+0.12908935546875
+0.178466796875
+0.21319580078125
+0.222381591796875
+0.20587158203125
+0.17767333984375
+0.13677978515625
+0.111053466796875
+0.108734130859375
+0.105865478515625
+0.124603271484375
+0.1505126953125
+0.15948486328125
+0.1478271484375
+0.124267578125
+0.10870361328125
+0.09405517578125
+0.0684814453125
+0.021728515625
-0.027008056640625
-0.074920654296875
-0.121490478515625
-0.142822265625
-0.167877197265625
-0.200927734375
-0.214141845703125
-0.21551513671875
-0.19598388671875
-0.1650390625
-0.1456298828125
-0.143402099609375
-0.130645751953125
-0.11279296875
-0.10784912109375
-0.109649658203125
-0.123779296875
-0.132232666015625
-0.13079833984375
-0.146240234375
-0.1676025390625
-0.18212890625
-0.182220458984375
-0.166259765625
-0.1336669921875
-0.09619140625
-0.072998046875
-0.052581787109375
-0.03839111328125
-0.022186279296875
-0.007354736328125
-0.00653076171875
-0.017822265625
-0.045074462890625
-0.071533203125
-0.087982177734375
-0.095062255859375
-0.0877685546875
-0.072998046875
-0.03997802734375
+0.004669189453125
+0.057891845703125
+0.095977783203125
+0.11260986328125
+0.123199462890625
+0.1048583984375
+0.05596923828125
-0.00433349609375
-0.0560302734375
-0.079193115234375
-0.086090087890625
-0.08612060546875
-0.083709716796875
-0.061431884765625
-0.01702880859375
+0.03778076171875
+0.084991455078125
+0.094268798828125
+0.08026123046875
+0.045623779296875
-0.00738525390625
-0.0692138671875
-0.13299560546875
-0.171173095703125
-0.1903076171875
-0.199981689453125
-0.195037841796875
-0.16998291015625
-0.119903564453125
-0.07208251953125
-0.030792236328125
-0.00665283203125
-0.0003662109375
-0.00750732421875
-0.029693603515625
-0.058807373046875
-0.1005859375
-0.1270751953125
-0.122528076171875
-0.102783203125
-0.061126708984375
-0.012237548828125
+0.042633056640625
+0.09423828125
+0.129364013671875
+0.151519775390625
+0.16162109375
+0.1634521484375
+0.145843505859375
+0.118896484375
+0.088897705078125
+0.05615234375
+0.04376220703125
+0.04107666015625
+0.043182373046875
+0.042510986328125
+0.03857421875
+0.04266357421875
+0.045379638671875
+0.039093017578125
+0.02520751953125
+0.0205078125
+0.019989013671875
+0.01190185546875
-0.00531005859375
-0.032012939453125
-0.034881591796875
-0.0302734375
-0.042022705078125
-0.05548095703125
-0.07330322265625
-0.090179443359375
-0.10797119140625
-0.126800537109375
-0.13446044921875
-0.124786376953125
-0.11187744140625
-0.117462158203125
-0.128875732421875
-0.1298828125
-0.100738525390625
-0.062957763671875
-0.055450439453125
-0.05670166015625
-0.054718017578125
-0.0450439453125
-0.03436279296875
-0.05194091796875
-0.070556640625
-0.0712890625
-0.067535400390625
-0.075408935546875
-0.091156005859375
-0.09326171875
-0.067596435546875
-0.031005859375
-0.01031494140625
+0.006195068359375
+0.020843505859375
+0.028564453125
+0.04168701171875
+0.04449462890625
+0.040435791015625
+0.034088134765625
+0.023590087890625
+0.019073486328125
+0.002349853515625
-0.013275146484375
-0.00982666015625
+0.00006103515625
+0.002288818359375
-0.00640869140625
-0.01776123046875
-0.019012451171875
+0.00018310546875
+0.00830078125
-0.0006103515625
-0.00323486328125
-0.0013427734375
+0.009429931640625
+0.004119873046875
-0.014007568359375
-0.006927490234375
+0.0054931640625
+0.00665283203125
-0.009857177734375
-0.033966064453125
-0.044403076171875
-0.036895751953125
-0.032623291015625
-0.036376953125
-0.032257080078125
-0.03289794921875
-0.031982421875
-0.026763916015625
-0.01898193359375
+0.006072998046875
+0.015472412109375
+0.01025390625
+0.0074462890625
+0.005401611328125
+0.00958251953125
+0.006072998046875
-0.00994873046875
-0.026611328125
-0.041229248046875
-0.0635986328125
-0.086944580078125
-0.100982666015625
-0.099151611328125
-0.0579833984375
-0.00616455078125
+0.042388916015625
+0.08697509765625
+0.095458984375
+0.086151123046875
+0.0693359375
+0.04443359375
+0.019256591796875
-0.02203369140625
-0.05926513671875
-0.0828857421875
-0.102203369140625
-0.099212646484375
-0.063018798828125
-0.017059326171875
+0.023162841796875
+0.060028076171875
+0.085205078125
+0.106201171875
+0.10552978515625
+0.084625244140625
+0.075164794921875
+0.059417724609375
+0.043914794921875
+0.01605224609375
-0.02593994140625
-0.026641845703125
+0.003936767578125
+0.03955078125
+0.067138671875
+0.086517333984375
+0.1187744140625
+0.13885498046875
+0.120819091796875
+0.0924072265625
+0.0709228515625
+0.041015625
+0.007904052734375
-0.031036376953125
-0.05462646484375
-0.03204345703125
-0.00384521484375
+0.02667236328125
+0.06329345703125
+0.088287353515625
+0.122589111328125
+0.129547119140625
+0.10308837890625
+0.07281494140625
+0.0233154296875
-0.029388427734375
-0.074188232421875
-0.1077880859375
-0.104736328125
-0.0838623046875
-0.066070556640625
-0.032684326171875
+0.010101318359375
+0.0528564453125
+0.1011962890625
+0.112640380859375
+0.099609375
+0.090057373046875
+0.066314697265625
+0.0491943359375
+0.014556884765625
-0.035125732421875
-0.05419921875
-0.061737060546875
-0.0491943359375
-0.02001953125
+0.00531005859375
+0.03485107421875
+0.048919677734375
+0.048797607421875
+0.060089111328125
+0.076263427734375
+0.081268310546875
+0.076507568359375
+0.056121826171875
+0.048492431640625
+0.064666748046875
+0.0689697265625
+0.068145751953125
+0.054229736328125
+0.03924560546875
+0.039459228515625
+0.018341064453125
+0.0048828125
+0.00592041015625
+0.00335693359375
+0.011688232421875
+0.014068603515625
+0.03594970703125
+0.08642578125
+0.124053955078125
+0.14447021484375
+0.152435302734375
+0.152374267578125
+0.150299072265625
+0.124969482421875
+0.07574462890625
+0.04058837890625
+0.011566162109375
-0.0164794921875
-0.03509521484375
-0.044097900390625
-0.007415771484375
+0.038787841796875
+0.060577392578125
+0.090362548828125
+0.117706298828125
+0.152252197265625
+0.167144775390625
+0.144012451171875
+0.135162353515625
+0.131805419921875
+0.11480712890625
+0.0775146484375
+0.033477783203125
+0.028167724609375
+0.03997802734375
+0.03631591796875
+0.032318115234375
+0.04010009765625
+0.063262939453125
+0.0965576171875
+0.103485107421875
+0.1016845703125
+0.1153564453125
+0.117584228515625
+0.11395263671875
+0.095794677734375
+0.08709716796875
+0.1103515625
+0.11395263671875
+0.110504150390625
+0.104888916015625
+0.103363037109375
+0.1295166015625
+0.131561279296875
+0.111907958984375
+0.093963623046875
+0.073577880859375
+0.058685302734375
+0.03704833984375
+0.024169921875
+0.042022705078125
+0.0750732421875
+0.10546875
+0.132049560546875
+0.1541748046875
+0.17230224609375
+0.172119140625
+0.144012451171875
+0.121124267578125
+0.10076904296875
+0.0706787109375
+0.033050537109375
+0.0030517578125
+0.023834228515625
+0.0648193359375
+0.093963623046875
+0.1146240234375
+0.127349853515625
+0.156707763671875
+0.16802978515625
+0.144134521484375
+0.1142578125
+0.080657958984375
+0.048553466796875
+0.003021240234375
-0.029022216796875
-0.00799560546875
+0.031982421875
+0.06634521484375
+0.103179931640625
+0.15399169921875
+0.212982177734375
+0.2435302734375
+0.22607421875
+0.2021484375
+0.185516357421875
+0.145782470703125
+0.084808349609375
+0.025970458984375
+0.016021728515625
+0.04327392578125
+0.05731201171875
+0.076812744140625
+0.117919921875
+0.18280029296875
+0.224578857421875
+0.202972412109375
+0.175689697265625
+0.16656494140625
+0.15216064453125
+0.10443115234375
+0.0504150390625
+0.0479736328125
+0.07568359375
+0.0938720703125
+0.089141845703125
+0.099212646484375
+0.151275634765625
+0.18994140625
+0.1798095703125
+0.14117431640625
+0.109222412109375
+0.077545166015625
+0.019744873046875
-0.028900146484375
-0.032257080078125
-0.00421142578125
+0.02447509765625
+0.048919677734375
+0.08367919921875
+0.141815185546875
+0.182647705078125
+0.1727294921875
+0.1507568359375
+0.1307373046875
+0.103790283203125
+0.04766845703125
-0.01434326171875
-0.013916015625
+0.02239990234375
+0.055999755859375
+0.07879638671875
+0.1051025390625
+0.160400390625
+0.187896728515625
+0.177490234375
+0.15655517578125
+0.134307861328125
+0.111053466796875
+0.054229736328125
+0.011199951171875
+0.023162841796875
+0.058837890625
+0.091766357421875
+0.108245849609375
+0.142364501953125
+0.192596435546875
+0.206512451171875
+0.183349609375
+0.147796630859375
+0.116546630859375
+0.07635498046875
+0.01324462890625
-0.03277587890625
-0.030426025390625
-0.012115478515625
+0.000335693359375
+0.028045654296875
+0.093017578125
+0.170806884765625
+0.1893310546875
+0.16217041015625
+0.1358642578125
+0.11627197265625
+0.08111572265625
+0.00390625
-0.0489501953125
-0.04302978515625
-0.0091552734375
+0.034332275390625
+0.072998046875
+0.139434814453125
+0.19525146484375
+0.197540283203125
+0.178009033203125
+0.14349365234375
+0.117828369140625
+0.070220947265625
+0.0106201171875
-0.002227783203125
+0.011199951171875
+0.044921875
+0.078369140625
+0.11712646484375
+0.17822265625
+0.211883544921875
+0.215301513671875
+0.201141357421875
+0.175811767578125
+0.137969970703125
+0.069366455078125
+0.017822265625
+0.01324462890625
+0.026885986328125
+0.042755126953125
+0.061065673828125
+0.08416748046875
+0.109039306640625
+0.112060546875
+0.094024658203125
+0.085296630859375
+0.07867431640625
+0.070465087890625
+0.055633544921875
+0.038360595703125
+0.044189453125
+0.0560302734375
+0.060394287109375
+0.060150146484375
+0.06610107421875
+0.082000732421875
+0.077392578125
+0.0601806640625
+0.060791015625
+0.08447265625
+0.103424072265625
+0.09979248046875
+0.09503173828125
+0.100982666015625
+0.1181640625
+0.123077392578125
+0.11968994140625
+0.125732421875
+0.1209716796875
+0.107635498046875
+0.086883544921875
+0.087066650390625
+0.10577392578125
+0.103271484375
+0.10009765625
+0.10711669921875
+0.123138427734375
+0.129791259765625
+0.1181640625
+0.119232177734375
+0.12518310546875
+0.12103271484375
+0.0975341796875
+0.06646728515625
+0.05224609375
+0.044708251953125
+0.031951904296875
+0.01922607421875
+0.031219482421875
+0.06072998046875
+0.083343505859375
+0.100494384765625
+0.1175537109375
+0.137176513671875
+0.133880615234375
+0.101898193359375
+0.065155029296875
+0.03436279296875
+0.02264404296875
+0.0150146484375
+0.0128173828125
+0.024871826171875
+0.04534912109375
+0.081634521484375
+0.1153564453125
+0.136199951171875
+0.14337158203125
+0.136260986328125
+0.119415283203125
+0.090850830078125
+0.062591552734375
+0.041839599609375
+0.040985107421875
+0.053924560546875
+0.066009521484375
+0.078125
+0.087615966796875
+0.102874755859375
+0.113922119140625
+0.1162109375
+0.111236572265625
+0.09771728515625
+0.09014892578125
+0.076202392578125
+0.068939208984375
+0.0789794921875
+0.096405029296875
+0.123748779296875
+0.14129638671875
+0.15374755859375
+0.162872314453125
+0.16357421875
+0.158477783203125
+0.137420654296875
+0.116241455078125
+0.096282958984375
+0.07586669921875
+0.064971923828125
+0.06951904296875
+0.096160888671875
+0.125152587890625
+0.1474609375
+0.15869140625
+0.155609130859375
+0.1365966796875
+0.101409912109375
+0.06976318359375
+0.047760009765625
+0.03533935546875
+0.0252685546875
+0.018402099609375
+0.0255126953125
+0.036895751953125
+0.058013916015625
+0.080718994140625
+0.095916748046875
+0.1024169921875
+0.087432861328125
+0.06573486328125
+0.03900146484375
+0.0130615234375
-0.005706787109375
-0.019866943359375
-0.0145263671875
+0.001434326171875
+0.0267333984375
+0.0548095703125
+0.0799560546875
+0.105743408203125
+0.120208740234375
+0.123321533203125
+0.110443115234375
+0.091766357421875
+0.072906494140625
+0.047882080078125
+0.03076171875
+0.0244140625
+0.038787841796875
+0.067901611328125
+0.09503173828125
+0.12017822265625
+0.141387939453125
+0.15899658203125
+0.155517578125
+0.13311767578125
+0.1064453125
+0.082275390625
+0.06695556640625
+0.048797607421875
+0.03887939453125
+0.0455322265625
+0.06573486328125
+0.087249755859375
+0.08953857421875
+0.08624267578125
+0.084197998046875
+0.08099365234375
+0.068878173828125
+0.050537109375
+0.041046142578125
+0.032867431640625
+0.035919189453125
+0.0445556640625
+0.05548095703125
+0.075439453125
+0.089324951171875
+0.093841552734375
+0.081024169921875
+0.065521240234375
+0.055023193359375
+0.041107177734375
+0.035308837890625
+0.028411865234375
+0.0225830078125
+0.018707275390625
+0.017242431640625
+0.025787353515625
+0.03497314453125
+0.046173095703125
+0.05255126953125
+0.059906005859375
+0.069610595703125
+0.069488525390625
+0.067596435546875
+0.060089111328125
+0.0506591796875
+0.036407470703125
+0.023956298828125
+0.0263671875
+0.035308837890625
+0.0537109375
+0.066314697265625
+0.07586669921875
+0.08868408203125
+0.09375
+0.09124755859375
+0.075103759765625
+0.058135986328125
+0.0394287109375
+0.01470947265625
-0.002685546875
-0.00775146484375
+0.00714111328125
+0.025299072265625
+0.040557861328125
+0.06146240234375
+0.084259033203125
+0.107421875
+0.11419677734375
+0.113800048828125
+0.1085205078125
+0.0894775390625
+0.062408447265625
+0.027587890625
+0.0086669921875
-0.002105712890625
-0.022247314453125
-0.039794921875
-0.041046142578125
-0.018768310546875
+0.007080078125
+0.026397705078125
+0.0418701171875
+0.0595703125
+0.072540283203125
+0.06689453125
+0.066314697265625
+0.072357177734375
+0.076202392578125
+0.071044921875
+0.05657958984375
+0.055572509765625
+0.059417724609375
+0.06304931640625
+0.0634765625
+0.0570068359375
+0.050750732421875
+0.037384033203125
+0.02508544921875
+0.01800537109375
+0.022552490234375
+0.041473388671875
+0.062652587890625
+0.08575439453125
+0.101531982421875
+0.110870361328125
+0.11260986328125
+0.1107177734375
+0.110260009765625
+0.09814453125
+0.079681396484375
+0.05206298828125
+0.0296630859375
+0.027557373046875
+0.02935791015625
+0.0367431640625
+0.04034423828125
+0.0462646484375
+0.058563232421875
+0.06866455078125
+0.075042724609375
+0.068389892578125
+0.061126708984375
+0.053466796875
+0.043243408203125
+0.031829833984375
+0.0128173828125
+0.001312255859375
-0.000823974609375
+0.0081787109375
+0.02008056640625
+0.027679443359375
+0.039764404296875
+0.04791259765625
+0.05560302734375
+0.054046630859375
+0.041595458984375
+0.030303955078125
+0.01824951171875
+0.005096435546875
-0.017242431640625
-0.027801513671875
-0.01605224609375
+0.0057373046875
+0.02618408203125
+0.0301513671875
+0.03436279296875
+0.04010009765625
+0.0404052734375
+0.038787841796875
+0.030487060546875
+0.023162841796875
+0.013946533203125
+0.008209228515625
+0.009796142578125
+0.015869140625
+0.026031494140625
+0.026885986328125
+0.027679443359375
+0.031158447265625
+0.031646728515625
+0.025909423828125
+0.01422119140625
+0.013885498046875
+0.019683837890625
+0.027435302734375
+0.0303955078125
+0.0313720703125
+0.043975830078125
+0.051788330078125
+0.051025390625
+0.04046630859375
+0.031005859375
+0.030059814453125
+0.021270751953125
+0.01025390625
-0.001739501953125
-0.003753662109375
+0.003936767578125
+0.011199951171875
+0.02734375
+0.04302978515625
+0.05682373046875
+0.061981201171875
+0.059112548828125
+0.053619384765625
+0.03668212890625
+0.017730712890625
-0.004058837890625
-0.01605224609375
-0.012542724609375
-0.005126953125
+0.004791259765625
+0.012420654296875
+0.0267333984375
+0.039794921875
+0.046478271484375
+0.0489501953125
+0.042724609375
+0.04071044921875
+0.030731201171875
+0.012969970703125
-0.003265380859375
-0.01361083984375
-0.01202392578125
-0.014617919921875
